Nc_Supercontig_12.1	8300000	8400000	26
Nc_Supercontig_12.1	1000000	1100000	32
Nc_Supercontig_12.1	2000000	2100000	27
Nc_Supercontig_12.1	3100000	3200000	27
Nc_Supercontig_12.1	4100000	4200000	23
Nc_Supercontig_12.1	5200000	5300000	32
Nc_Supercontig_12.1	6200000	6300000	23
Nc_Supercontig_12.1	7300000	7400000	28
Nc_Supercontig_12.1	9400000	9500000	25
Nc_Supercontig_12.1	100000	200000	34
Nc_Supercontig_12.1	200000	300000	26
Nc_Supercontig_12.1	300000	400000	26
Nc_Supercontig_12.1	500000	600000	31
Nc_Supercontig_12.1	600000	700000	19
Nc_Supercontig_12.1	700000	800000	22
Nc_Supercontig_12.1	900000	1000000	16
Nc_Supercontig_12.1	1100000	1200000	26
Nc_Supercontig_12.1	1300000	1400000	15
Nc_Supercontig_12.1	1400000	1500000	24
Nc_Supercontig_12.1	1500000	1600000	23
Nc_Supercontig_12.1	1700000	1800000	30
Nc_Supercontig_12.1	1800000	1900000	29
Nc_Supercontig_12.1	1900000	2000000	21
Nc_Supercontig_12.1	2200000	2300000	24
Nc_Supercontig_12.1	2300000	2400000	12
Nc_Supercontig_12.1	2400000	2500000	28
Nc_Supercontig_12.1	2600000	2700000	33
Nc_Supercontig_12.1	2700000	2800000	33
Nc_Supercontig_12.1	2800000	2900000	29
Nc_Supercontig_12.1	3000000	3100000	26
Nc_Supercontig_12.1	3200000	3300000	30
Nc_Supercontig_12.1	3400000	3500000	21
Nc_Supercontig_12.1	3500000	3600000	26
Nc_Supercontig_12.1	3600000	3700000	6
Nc_Supercontig_12.1	3800000	3900000	1
Nc_Supercontig_12.1	3900000	4000000	6
Nc_Supercontig_12.1	4000000	4100000	6
Nc_Supercontig_12.1	4300000	4400000	16
Nc_Supercontig_12.1	4400000	4500000	24
Nc_Supercontig_12.1	4500000	4600000	26
Nc_Supercontig_12.1	4700000	4800000	35
Nc_Supercontig_12.1	4800000	4900000	30
Nc_Supercontig_12.1	4900000	5000000	32
Nc_Supercontig_12.1	5100000	5200000	34
Nc_Supercontig_12.1	5300000	5400000	19
Nc_Supercontig_12.1	5500000	5600000	24
Nc_Supercontig_12.1	5600000	5700000	35
Nc_Supercontig_12.1	5700000	5800000	17
Nc_Supercontig_12.1	5800000	5900000	26
Nc_Supercontig_12.1	6000000	6100000	27
Nc_Supercontig_12.1	6100000	6200000	22
Nc_Supercontig_12.1	6400000	6500000	13
Nc_Supercontig_12.1	6500000	6600000	34
Nc_Supercontig_12.1	6600000	6700000	27
Nc_Supercontig_12.1	6800000	6900000	35
Nc_Supercontig_12.1	6900000	7000000	39
Nc_Supercontig_12.1	7000000	7100000	29
Nc_Supercontig_12.1	7200000	7300000	28
Nc_Supercontig_12.1	7400000	7500000	30
Nc_Supercontig_12.1	7600000	7700000	26
Nc_Supercontig_12.1	7700000	7800000	28
Nc_Supercontig_12.1	7800000	7900000	26
Nc_Supercontig_12.1	7900000	8000000	35
Nc_Supercontig_12.1	8100000	8200000	30
Nc_Supercontig_12.1	8200000	8300000	14
Nc_Supercontig_12.1	8500000	8600000	31
Nc_Supercontig_12.1	8600000	8700000	38
Nc_Supercontig_12.1	8700000	8800000	29
Nc_Supercontig_12.1	8900000	9000000	23
Nc_Supercontig_12.1	9000000	9100000	25
Nc_Supercontig_12.1	9100000	9200000	11
Nc_Supercontig_12.1	9300000	9400000	19
Nc_Supercontig_12.1	9500000	9600000	17
Nc_Supercontig_12.1	9600000	9700000	33
Nc_Supercontig_12.1	0	100000	17
Nc_Supercontig_12.1	400000	500000	22
Nc_Supercontig_12.1	800000	900000	21
Nc_Supercontig_12.1	1200000	1300000	25
Nc_Supercontig_12.1	1600000	1700000	31
Nc_Supercontig_12.1	2100000	2200000	30
Nc_Supercontig_12.1	2500000	2600000	32
Nc_Supercontig_12.1	2900000	3000000	24
Nc_Supercontig_12.1	3300000	3400000	29
Nc_Supercontig_12.1	3700000	3800000	5
Nc_Supercontig_12.1	4200000	4300000	25
Nc_Supercontig_12.1	4600000	4700000	27
Nc_Supercontig_12.1	5000000	5100000	21
Nc_Supercontig_12.1	5400000	5500000	27
Nc_Supercontig_12.1	5900000	6000000	17
Nc_Supercontig_12.1	6300000	6400000	16
Nc_Supercontig_12.1	6700000	6800000	18
Nc_Supercontig_12.1	7100000	7200000	26
Nc_Supercontig_12.1	7500000	7600000	25
Nc_Supercontig_12.1	8000000	8100000	25
Nc_Supercontig_12.1	8400000	8500000	31
Nc_Supercontig_12.1	8800000	8900000	29
Nc_Supercontig_12.1	9200000	9300000	24
Nc_Supercontig_12.1	9700000	9798893	6
Nc_Supercontig_12.10	0	100000	0
Nc_Supercontig_12.10	100000	125404	0
Nc_Supercontig_12.11	0	31696	0
Nc_Supercontig_12.12	0	19714	0
Nc_Supercontig_12.13	0	13515	0
Nc_Supercontig_12.14	0	11565	0
Nc_Supercontig_12.15	0	9397	0
Nc_Supercontig_12.16	0	8983	0
Nc_Supercontig_12.17	0	6701	0
Nc_Supercontig_12.18	0	6309	0
Nc_Supercontig_12.19	0	4755	0
Nc_Supercontig_12.2	1000000	1100000	28
Nc_Supercontig_12.2	2000000	2100000	34
Nc_Supercontig_12.2	3100000	3200000	32
Nc_Supercontig_12.2	4100000	4200000	15
Nc_Supercontig_12.2	100000	200000	18
Nc_Supercontig_12.2	200000	300000	26
Nc_Supercontig_12.2	300000	400000	23
Nc_Supercontig_12.2	500000	600000	27
Nc_Supercontig_12.2	600000	700000	20
Nc_Supercontig_12.2	700000	800000	22
Nc_Supercontig_12.2	900000	1000000	26
Nc_Supercontig_12.2	1100000	1200000	1
Nc_Supercontig_12.2	1300000	1400000	9
Nc_Supercontig_12.2	1400000	1500000	27
Nc_Supercontig_12.2	1500000	1600000	24
Nc_Supercontig_12.2	1700000	1800000	22
Nc_Supercontig_12.2	1800000	1900000	25
Nc_Supercontig_12.2	1900000	2000000	29
Nc_Supercontig_12.2	2200000	2300000	18
Nc_Supercontig_12.2	2300000	2400000	32
Nc_Supercontig_12.2	2400000	2500000	23
Nc_Supercontig_12.2	2600000	2700000	24
Nc_Supercontig_12.2	2700000	2800000	29
Nc_Supercontig_12.2	2800000	2900000	24
Nc_Supercontig_12.2	3000000	3100000	31
Nc_Supercontig_12.2	3200000	3300000	30
Nc_Supercontig_12.2	3400000	3500000	27
Nc_Supercontig_12.2	3500000	3600000	25
Nc_Supercontig_12.2	3600000	3700000	1
Nc_Supercontig_12.2	3800000	3900000	27
Nc_Supercontig_12.2	3900000	4000000	21
Nc_Supercontig_12.2	4000000	4100000	25
Nc_Supercontig_12.2	4300000	4400000	29
Nc_Supercontig_12.2	4400000	4478683	21
Nc_Supercontig_12.2	0	100000	32
Nc_Supercontig_12.2	400000	500000	29
Nc_Supercontig_12.2	800000	900000	34
Nc_Supercontig_12.2	1200000	1300000	0
Nc_Supercontig_12.2	1600000	1700000	27
Nc_Supercontig_12.2	2100000	2200000	13
Nc_Supercontig_12.2	2500000	2600000	31
Nc_Supercontig_12.2	2900000	3000000	23
Nc_Supercontig_12.2	3300000	3400000	17
Nc_Supercontig_12.2	3700000	3800000	23
Nc_Supercontig_12.2	4200000	4300000	25
Nc_Supercontig_12.20	0	1646	0
Nc_Supercontig_12.3	1000000	1100000	21
Nc_Supercontig_12.3	2000000	2100000	26
Nc_Supercontig_12.3	3100000	3200000	30
Nc_Supercontig_12.3	4100000	4200000	37
Nc_Supercontig_12.3	5200000	5274802	24
Nc_Supercontig_12.3	100000	200000	20
Nc_Supercontig_12.3	200000	300000	34
Nc_Supercontig_12.3	300000	400000	15
Nc_Supercontig_12.3	500000	600000	29
Nc_Supercontig_12.3	600000	700000	20
Nc_Supercontig_12.3	700000	800000	0
Nc_Supercontig_12.3	900000	1000000	15
Nc_Supercontig_12.3	1100000	1200000	24
Nc_Supercontig_12.3	1300000	1400000	27
Nc_Supercontig_12.3	1400000	1500000	33
Nc_Supercontig_12.3	1500000	1600000	26
Nc_Supercontig_12.3	1700000	1800000	11
Nc_Supercontig_12.3	1800000	1900000	23
Nc_Supercontig_12.3	1900000	2000000	32
Nc_Supercontig_12.3	2200000	2300000	14
Nc_Supercontig_12.3	2300000	2400000	27
Nc_Supercontig_12.3	2400000	2500000	22
Nc_Supercontig_12.3	2600000	2700000	28
Nc_Supercontig_12.3	2700000	2800000	28
Nc_Supercontig_12.3	2800000	2900000	22
Nc_Supercontig_12.3	3000000	3100000	29
Nc_Supercontig_12.3	3200000	3300000	24
Nc_Supercontig_12.3	3400000	3500000	27
Nc_Supercontig_12.3	3500000	3600000	30
Nc_Supercontig_12.3	3600000	3700000	26
Nc_Supercontig_12.3	3800000	3900000	26
Nc_Supercontig_12.3	3900000	4000000	29
Nc_Supercontig_12.3	4000000	4100000	21
Nc_Supercontig_12.3	4300000	4400000	22
Nc_Supercontig_12.3	4400000	4500000	28
Nc_Supercontig_12.3	4500000	4600000	19
Nc_Supercontig_12.3	4700000	4800000	33
Nc_Supercontig_12.3	4800000	4900000	26
Nc_Supercontig_12.3	4900000	5000000	27
Nc_Supercontig_12.3	5100000	5200000	29
Nc_Supercontig_12.3	0	100000	24
Nc_Supercontig_12.3	400000	500000	22
Nc_Supercontig_12.3	800000	900000	1
Nc_Supercontig_12.3	1200000	1300000	24
Nc_Supercontig_12.3	1600000	1700000	22
Nc_Supercontig_12.3	2100000	2200000	21
Nc_Supercontig_12.3	2500000	2600000	29
Nc_Supercontig_12.3	2900000	3000000	30
Nc_Supercontig_12.3	3300000	3400000	30
Nc_Supercontig_12.3	3700000	3800000	31
Nc_Supercontig_12.3	4200000	4300000	17
Nc_Supercontig_12.3	4600000	4700000	33
Nc_Supercontig_12.3	5000000	5100000	20
Nc_Supercontig_12.4	1000000	1100000	6
Nc_Supercontig_12.4	2000000	2100000	21
Nc_Supercontig_12.4	3100000	3200000	39
Nc_Supercontig_12.4	4100000	4200000	30
Nc_Supercontig_12.4	5200000	5300000	18
Nc_Supercontig_12.4	100000	200000	28
Nc_Supercontig_12.4	200000	300000	26
Nc_Supercontig_12.4	300000	400000	28
Nc_Supercontig_12.4	500000	600000	20
Nc_Supercontig_12.4	600000	700000	33
Nc_Supercontig_12.4	700000	800000	33
Nc_Supercontig_12.4	900000	1000000	1
Nc_Supercontig_12.4	1100000	1200000	10
Nc_Supercontig_12.4	1300000	1400000	36
Nc_Supercontig_12.4	1400000	1500000	18
Nc_Supercontig_12.4	1500000	1600000	33
Nc_Supercontig_12.4	1700000	1800000	30
Nc_Supercontig_12.4	1800000	1900000	25
Nc_Supercontig_12.4	1900000	2000000	21
Nc_Supercontig_12.4	2200000	2300000	30
Nc_Supercontig_12.4	2300000	2400000	17
Nc_Supercontig_12.4	2400000	2500000	26
Nc_Supercontig_12.4	2600000	2700000	24
Nc_Supercontig_12.4	2700000	2800000	24
Nc_Supercontig_12.4	2800000	2900000	28
Nc_Supercontig_12.4	3000000	3100000	19
Nc_Supercontig_12.4	3200000	3300000	33
Nc_Supercontig_12.4	3400000	3500000	36
Nc_Supercontig_12.4	3500000	3600000	26
Nc_Supercontig_12.4	3600000	3700000	27
Nc_Supercontig_12.4	3800000	3900000	29
Nc_Supercontig_12.4	3900000	4000000	34
Nc_Supercontig_12.4	4000000	4100000	20
Nc_Supercontig_12.4	4300000	4400000	32
Nc_Supercontig_12.4	4400000	4500000	24
Nc_Supercontig_12.4	4500000	4600000	33
Nc_Supercontig_12.4	4700000	4800000	20
Nc_Supercontig_12.4	4800000	4900000	22
Nc_Supercontig_12.4	4900000	5000000	29
Nc_Supercontig_12.4	5100000	5200000	25
Nc_Supercontig_12.4	5300000	5400000	19
Nc_Supercontig_12.4	5500000	5600000	26
Nc_Supercontig_12.4	5600000	5700000	28
Nc_Supercontig_12.4	5700000	5800000	31
Nc_Supercontig_12.4	5800000	5900000	27
Nc_Supercontig_12.4	0	100000	29
Nc_Supercontig_12.4	400000	500000	19
Nc_Supercontig_12.4	800000	900000	26
Nc_Supercontig_12.4	1200000	1300000	32
Nc_Supercontig_12.4	1600000	1700000	32
Nc_Supercontig_12.4	2100000	2200000	24
Nc_Supercontig_12.4	2500000	2600000	27
Nc_Supercontig_12.4	2900000	3000000	31
Nc_Supercontig_12.4	3300000	3400000	29
Nc_Supercontig_12.4	3700000	3800000	22
Nc_Supercontig_12.4	4200000	4300000	14
Nc_Supercontig_12.4	4600000	4700000	24
Nc_Supercontig_12.4	5000000	5100000	26
Nc_Supercontig_12.4	5400000	5500000	30
Nc_Supercontig_12.4	5900000	6000000	16
Nc_Supercontig_12.4	6000000	6000761	0
Nc_Supercontig_12.5	1000000	1100000	0
Nc_Supercontig_12.5	2000000	2100000	24
Nc_Supercontig_12.5	3100000	3200000	31
Nc_Supercontig_12.5	4100000	4200000	28
Nc_Supercontig_12.5	5200000	5300000	24
Nc_Supercontig_12.5	6200000	6300000	35
Nc_Supercontig_12.5	100000	200000	17
Nc_Supercontig_12.5	200000	300000	25
Nc_Supercontig_12.5	300000	400000	31
Nc_Supercontig_12.5	500000	600000	18
Nc_Supercontig_12.5	600000	700000	22
Nc_Supercontig_12.5	700000	800000	23
Nc_Supercontig_12.5	900000	1000000	0
Nc_Supercontig_12.5	1100000	1200000	0
Nc_Supercontig_12.5	1300000	1400000	29
Nc_Supercontig_12.5	1400000	1500000	22
Nc_Supercontig_12.5	1500000	1600000	28
Nc_Supercontig_12.5	1700000	1800000	13
Nc_Supercontig_12.5	1800000	1900000	27
Nc_Supercontig_12.5	1900000	2000000	27
Nc_Supercontig_12.5	2200000	2300000	26
Nc_Supercontig_12.5	2300000	2400000	33
Nc_Supercontig_12.5	2400000	2500000	31
Nc_Supercontig_12.5	2600000	2700000	24
Nc_Supercontig_12.5	2700000	2800000	36
Nc_Supercontig_12.5	2800000	2900000	34
Nc_Supercontig_12.5	3000000	3100000	24
Nc_Supercontig_12.5	3200000	3300000	32
Nc_Supercontig_12.5	3400000	3500000	19
Nc_Supercontig_12.5	3500000	3600000	32
Nc_Supercontig_12.5	3600000	3700000	27
Nc_Supercontig_12.5	3800000	3900000	28
Nc_Supercontig_12.5	3900000	4000000	20
Nc_Supercontig_12.5	4000000	4100000	18
Nc_Supercontig_12.5	4300000	4400000	32
Nc_Supercontig_12.5	4400000	4500000	16
Nc_Supercontig_12.5	4500000	4600000	25
Nc_Supercontig_12.5	4700000	4800000	26
Nc_Supercontig_12.5	4800000	4900000	23
Nc_Supercontig_12.5	4900000	5000000	30
Nc_Supercontig_12.5	5100000	5200000	24
Nc_Supercontig_12.5	5300000	5400000	23
Nc_Supercontig_12.5	5500000	5600000	33
Nc_Supercontig_12.5	5600000	5700000	16
Nc_Supercontig_12.5	5700000	5800000	29
Nc_Supercontig_12.5	5800000	5900000	28
Nc_Supercontig_12.5	6000000	6100000	22
Nc_Supercontig_12.5	6100000	6200000	22
Nc_Supercontig_12.5	6400000	6436246	16
Nc_Supercontig_12.5	0	100000	26
Nc_Supercontig_12.5	400000	500000	24
Nc_Supercontig_12.5	800000	900000	33
Nc_Supercontig_12.5	1200000	1300000	17
Nc_Supercontig_12.5	1600000	1700000	28
Nc_Supercontig_12.5	2100000	2200000	25
Nc_Supercontig_12.5	2500000	2600000	28
Nc_Supercontig_12.5	2900000	3000000	34
Nc_Supercontig_12.5	3300000	3400000	27
Nc_Supercontig_12.5	3700000	3800000	35
Nc_Supercontig_12.5	4200000	4300000	24
Nc_Supercontig_12.5	4600000	4700000	29
Nc_Supercontig_12.5	5000000	5100000	31
Nc_Supercontig_12.5	5400000	5500000	26
Nc_Supercontig_12.5	5900000	6000000	16
Nc_Supercontig_12.5	6300000	6400000	35
Nc_Supercontig_12.6	1000000	1100000	18
Nc_Supercontig_12.6	2000000	2100000	26
Nc_Supercontig_12.6	3100000	3200000	27
Nc_Supercontig_12.6	4100000	4200000	20
Nc_Supercontig_12.6	100000	200000	28
Nc_Supercontig_12.6	200000	300000	29
Nc_Supercontig_12.6	300000	400000	20
Nc_Supercontig_12.6	500000	600000	17
Nc_Supercontig_12.6	600000	700000	24
Nc_Supercontig_12.6	700000	800000	29
Nc_Supercontig_12.6	900000	1000000	24
Nc_Supercontig_12.6	1100000	1200000	23
Nc_Supercontig_12.6	1300000	1400000	31
Nc_Supercontig_12.6	1400000	1500000	27
Nc_Supercontig_12.6	1500000	1600000	32
Nc_Supercontig_12.6	1700000	1800000	20
Nc_Supercontig_12.6	1800000	1900000	16
Nc_Supercontig_12.6	1900000	2000000	20
Nc_Supercontig_12.6	2200000	2300000	29
Nc_Supercontig_12.6	2300000	2400000	28
Nc_Supercontig_12.6	2400000	2500000	27
Nc_Supercontig_12.6	2600000	2700000	31
Nc_Supercontig_12.6	2700000	2800000	16
Nc_Supercontig_12.6	2800000	2900000	0
Nc_Supercontig_12.6	3000000	3100000	5
Nc_Supercontig_12.6	3200000	3300000	25
Nc_Supercontig_12.6	3400000	3500000	27
Nc_Supercontig_12.6	3500000	3600000	27
Nc_Supercontig_12.6	3600000	3700000	26
Nc_Supercontig_12.6	3800000	3900000	30
Nc_Supercontig_12.6	3900000	4000000	28
Nc_Supercontig_12.6	4000000	4100000	21
Nc_Supercontig_12.6	0	100000	28
Nc_Supercontig_12.6	400000	500000	24
Nc_Supercontig_12.6	800000	900000	26
Nc_Supercontig_12.6	1200000	1300000	35
Nc_Supercontig_12.6	1600000	1700000	30
Nc_Supercontig_12.6	2100000	2200000	32
Nc_Supercontig_12.6	2500000	2600000	27
Nc_Supercontig_12.6	2900000	3000000	0
Nc_Supercontig_12.6	3300000	3400000	29
Nc_Supercontig_12.6	3700000	3800000	28
Nc_Supercontig_12.6	4200000	4218384	0
Nc_Supercontig_12.7	1000000	1100000	7
Nc_Supercontig_12.7	2000000	2100000	30
Nc_Supercontig_12.7	3100000	3200000	29
Nc_Supercontig_12.7	4100000	4200000	35
Nc_Supercontig_12.7	100000	200000	21
Nc_Supercontig_12.7	200000	300000	21
Nc_Supercontig_12.7	300000	400000	21
Nc_Supercontig_12.7	500000	600000	14
Nc_Supercontig_12.7	600000	700000	29
Nc_Supercontig_12.7	700000	800000	36
Nc_Supercontig_12.7	900000	1000000	35
Nc_Supercontig_12.7	1100000	1200000	25
Nc_Supercontig_12.7	1300000	1400000	26
Nc_Supercontig_12.7	1400000	1500000	29
Nc_Supercontig_12.7	1500000	1600000	29
Nc_Supercontig_12.7	1700000	1800000	29
Nc_Supercontig_12.7	1800000	1900000	25
Nc_Supercontig_12.7	1900000	2000000	30
Nc_Supercontig_12.7	2200000	2300000	0
Nc_Supercontig_12.7	2300000	2400000	0
Nc_Supercontig_12.7	2400000	2500000	6
Nc_Supercontig_12.7	2600000	2700000	30
Nc_Supercontig_12.7	2700000	2800000	31
Nc_Supercontig_12.7	2800000	2900000	26
Nc_Supercontig_12.7	3000000	3100000	31
Nc_Supercontig_12.7	3200000	3300000	30
Nc_Supercontig_12.7	3400000	3500000	15
Nc_Supercontig_12.7	3500000	3600000	28
Nc_Supercontig_12.7	3600000	3700000	30
Nc_Supercontig_12.7	3800000	3900000	28
Nc_Supercontig_12.7	3900000	4000000	34
Nc_Supercontig_12.7	4000000	4100000	26
Nc_Supercontig_12.7	0	100000	33
Nc_Supercontig_12.7	400000	500000	31
Nc_Supercontig_12.7	800000	900000	27
Nc_Supercontig_12.7	1200000	1300000	27
Nc_Supercontig_12.7	1600000	1700000	30
Nc_Supercontig_12.7	2100000	2200000	11
Nc_Supercontig_12.7	2500000	2600000	25
Nc_Supercontig_12.7	2900000	3000000	26
Nc_Supercontig_12.7	3300000	3400000	29
Nc_Supercontig_12.7	3700000	3800000	36
Nc_Supercontig_12.7	4200000	4255303	6
Nc_Supercontig_12.8	100000	192308	0
Nc_Supercontig_12.8	0	100000	0
Nc_Supercontig_12.9	100000	142473	0
Nc_Supercontig_12.9	0	100000	0
