Nc_Supercontig_12.1 8300000 8399999 17.4412
Nc_Supercontig_12.1 1000000 1099999 16.1724
Nc_Supercontig_12.1 2000000 2099999 18.8416
Nc_Supercontig_12.1 3100000 3199999 16.7398
Nc_Supercontig_12.1 4100000 4199999 15.021
Nc_Supercontig_12.1 5200000 5299999 18.2459
Nc_Supercontig_12.1 6200000 6299999 14.2726
Nc_Supercontig_12.1 7300000 7399999 20.046
Nc_Supercontig_12.1 9400000 9499999 9.2624
Nc_Supercontig_12.1 100000 199999 14.9152
Nc_Supercontig_12.1 200000 299999 5.9767
Nc_Supercontig_12.1 300000 399999 11.3454
Nc_Supercontig_12.1 500000 599999 12.6181
Nc_Supercontig_12.1 600000 699999 13.2535
Nc_Supercontig_12.1 700000 799999 13.7621
Nc_Supercontig_12.1 900000 999999 12.1342
Nc_Supercontig_12.1 1100000 1199999 14.6076
Nc_Supercontig_12.1 1300000 1399999 12.5191
Nc_Supercontig_12.1 1400000 1499999 14.5197
Nc_Supercontig_12.1 1500000 1599999 15.7974
Nc_Supercontig_12.1 1700000 1799999 17.4962
Nc_Supercontig_12.1 1800000 1899999 16.0696
Nc_Supercontig_12.1 1900000 1999999 18.2578
Nc_Supercontig_12.1 2200000 2299999 12.2997
Nc_Supercontig_12.1 2300000 2399999 6.6022
Nc_Supercontig_12.1 2400000 2499999 16.8826
Nc_Supercontig_12.1 2600000 2699999 17.195
Nc_Supercontig_12.1 2700000 2799999 17.3887
Nc_Supercontig_12.1 2800000 2899999 16.9879
Nc_Supercontig_12.1 3000000 3099999 16.4752
Nc_Supercontig_12.1 3200000 3299999 17.5288
Nc_Supercontig_12.1 3400000 3499999 14.8815
Nc_Supercontig_12.1 3500000 3599999 18.1229
Nc_Supercontig_12.1 3600000 3699999 4.6339
Nc_Supercontig_12.1 3800000 3899999 3.0816
Nc_Supercontig_12.1 3900000 3999999 4.4686
Nc_Supercontig_12.1 4000000 4099999 3.8919
Nc_Supercontig_12.1 4300000 4399999 10.4853
Nc_Supercontig_12.1 4400000 4499999 16.4542
Nc_Supercontig_12.1 4500000 4599999 17.218
Nc_Supercontig_12.1 4700000 4799999 17.7554
Nc_Supercontig_12.1 4800000 4899999 19.4274
Nc_Supercontig_12.1 4900000 4999999 17.3207
Nc_Supercontig_12.1 5100000 5199999 17.5911
Nc_Supercontig_12.1 5300000 5399999 12.7991
Nc_Supercontig_12.1 5500000 5599999 13.6377
Nc_Supercontig_12.1 5600000 5699999 16.473
Nc_Supercontig_12.1 5700000 5799999 10.2396
Nc_Supercontig_12.1 5800000 5899999 16.2265
Nc_Supercontig_12.1 6000000 6099999 16.89
Nc_Supercontig_12.1 6100000 6199999 15.5242
Nc_Supercontig_12.1 6400000 6499999 8.9592
Nc_Supercontig_12.1 6500000 6599999 17.2133
Nc_Supercontig_12.1 6600000 6699999 16.4239
Nc_Supercontig_12.1 6800000 6899999 16.7731
Nc_Supercontig_12.1 6900000 6999999 14.5039
Nc_Supercontig_12.1 7000000 7099999 14.7891
Nc_Supercontig_12.1 7200000 7299999 13.812
Nc_Supercontig_12.1 7400000 7499999 18.1824
Nc_Supercontig_12.1 7600000 7699999 16.6221
Nc_Supercontig_12.1 7700000 7799999 16.0008
Nc_Supercontig_12.1 7800000 7899999 17.595
Nc_Supercontig_12.1 7900000 7999999 16.775
Nc_Supercontig_12.1 8100000 8199999 15.5492
Nc_Supercontig_12.1 8200000 8299999 8.3149
Nc_Supercontig_12.1 8500000 8599999 15.6054
Nc_Supercontig_12.1 8600000 8699999 14.0159
Nc_Supercontig_12.1 8700000 8799999 13.0337
Nc_Supercontig_12.1 8900000 8999999 16.599
Nc_Supercontig_12.1 9000000 9099999 17.1227
Nc_Supercontig_12.1 9100000 9199999 13.3305
Nc_Supercontig_12.1 9300000 9399999 8.7681
Nc_Supercontig_12.1 9500000 9599999 13.3637
Nc_Supercontig_12.1 9600000 9699999 15.2044
Nc_Supercontig_12.1 0 99999 8.5164
Nc_Supercontig_12.1 400000 499999 12.827
Nc_Supercontig_12.1 800000 899999 10.5671
Nc_Supercontig_12.1 1200000 1299999 12.9907
Nc_Supercontig_12.1 1600000 1699999 21.6599
Nc_Supercontig_12.1 2100000 2199999 17.2536
Nc_Supercontig_12.1 2500000 2599999 16.442
Nc_Supercontig_12.1 2900000 2999999 16.0989
Nc_Supercontig_12.1 3300000 3399999 18.0645
Nc_Supercontig_12.1 3700000 3799999 5.1542
Nc_Supercontig_12.1 4200000 4299999 16.1556
Nc_Supercontig_12.1 4600000 4699999 17.7927
Nc_Supercontig_12.1 5000000 5099999 16.2853
Nc_Supercontig_12.1 5400000 5499999 13.5458
Nc_Supercontig_12.1 5900000 5999999 9.6525
Nc_Supercontig_12.1 6300000 6399999 10.0937
Nc_Supercontig_12.1 6700000 6799999 20.109
Nc_Supercontig_12.1 7100000 7199999 15.3991
Nc_Supercontig_12.1 7500000 7599999 16.6417
Nc_Supercontig_12.1 8000000 8099999 17.0824
Nc_Supercontig_12.1 8400000 8499999 16.4907
Nc_Supercontig_12.1 8800000 8899999 12.8898
Nc_Supercontig_12.1 9200000 9299999 12.1062
Nc_Supercontig_12.1 9700000 9798893 3.8165
Nc_Supercontig_12.2 1000000 1099999 13.3363
Nc_Supercontig_12.2 2000000 2099999 17.925
Nc_Supercontig_12.2 3100000 3199999 16.3977
Nc_Supercontig_12.2 4100000 4199999 7.5323
Nc_Supercontig_12.2 100000 199999 8.831
Nc_Supercontig_12.2 200000 299999 14.805
Nc_Supercontig_12.2 300000 399999 10.5835
Nc_Supercontig_12.2 500000 599999 13.2071
Nc_Supercontig_12.2 600000 699999 13.2054
Nc_Supercontig_12.2 700000 799999 12.3509
Nc_Supercontig_12.2 900000 999999 16.2788
Nc_Supercontig_12.2 1100000 1199999 2.7991
Nc_Supercontig_12.2 1300000 1399999 6.3786
Nc_Supercontig_12.2 1400000 1499999 15.8718
Nc_Supercontig_12.2 1500000 1599999 15.2828
Nc_Supercontig_12.2 1700000 1799999 12.3451
Nc_Supercontig_12.2 1800000 1899999 14.3806
Nc_Supercontig_12.2 1900000 1999999 14.7898
Nc_Supercontig_12.2 2200000 2299999 17.5047
Nc_Supercontig_12.2 2300000 2399999 17.889
Nc_Supercontig_12.2 2400000 2499999 18.2404
Nc_Supercontig_12.2 2600000 2699999 17.3237
Nc_Supercontig_12.2 2700000 2799999 16.7827
Nc_Supercontig_12.2 2800000 2899999 14.4135
Nc_Supercontig_12.2 3000000 3099999 16.7151
Nc_Supercontig_12.2 3200000 3299999 17.4837
Nc_Supercontig_12.2 3400000 3499999 16.3867
Nc_Supercontig_12.2 3500000 3599999 13.6169
Nc_Supercontig_12.2 3600000 3699999 1.391
Nc_Supercontig_12.2 3800000 3899999 11.1922
Nc_Supercontig_12.2 3900000 3999999 9.3793
Nc_Supercontig_12.2 4000000 4099999 13.5193
Nc_Supercontig_12.2 4300000 4399999 11.289
Nc_Supercontig_12.2 4400000 4478683 11.3785
Nc_Supercontig_12.2 0 99999 13.2285
Nc_Supercontig_12.2 400000 499999 12.2412
Nc_Supercontig_12.2 800000 899999 13.7353
Nc_Supercontig_12.2 1200000 1299999 1.7486
Nc_Supercontig_12.2 1600000 1699999 16.7593
Nc_Supercontig_12.2 2100000 2199999 7.4052
Nc_Supercontig_12.2 2500000 2599999 17.3357
Nc_Supercontig_12.2 2900000 2999999 12.5627
Nc_Supercontig_12.2 3300000 3399999 10.453
Nc_Supercontig_12.2 3700000 3799999 10.9775
Nc_Supercontig_12.2 4200000 4299999 11.0298
Nc_Supercontig_12.3 1000000 1099999 13.4557
Nc_Supercontig_12.3 2000000 2099999 16.7415
Nc_Supercontig_12.3 3100000 3199999 14.3131
Nc_Supercontig_12.3 4100000 4199999 18.5951
Nc_Supercontig_12.3 5200000 5274802 9.4284
Nc_Supercontig_12.3 100000 199999 11.8263
Nc_Supercontig_12.3 200000 299999 9.6685
Nc_Supercontig_12.3 300000 399999 2.715
Nc_Supercontig_12.3 500000 599999 9.4042
Nc_Supercontig_12.3 600000 699999 15.9339
Nc_Supercontig_12.3 700000 799999 1.1765
Nc_Supercontig_12.3 900000 999999 7.8576
Nc_Supercontig_12.3 1100000 1199999 17.1652
Nc_Supercontig_12.3 1300000 1399999 14.0449
Nc_Supercontig_12.3 1400000 1499999 16.2724
Nc_Supercontig_12.3 1500000 1599999 13.1865
Nc_Supercontig_12.3 1700000 1799999 9.3384
Nc_Supercontig_12.3 1800000 1899999 17.0574
Nc_Supercontig_12.3 1900000 1999999 16.0607
Nc_Supercontig_12.3 2200000 2299999 9.1835
Nc_Supercontig_12.3 2300000 2399999 16.3464
Nc_Supercontig_12.3 2400000 2499999 13.2769
Nc_Supercontig_12.3 2600000 2699999 17.2408
Nc_Supercontig_12.3 2700000 2799999 17.9607
Nc_Supercontig_12.3 2800000 2899999 13.6913
Nc_Supercontig_12.3 3000000 3099999 15.43
Nc_Supercontig_12.3 3200000 3299999 15.7159
Nc_Supercontig_12.3 3400000 3499999 16.4493
Nc_Supercontig_12.3 3500000 3599999 15.5674
Nc_Supercontig_12.3 3600000 3699999 16.8325
Nc_Supercontig_12.3 3800000 3899999 17.3666
Nc_Supercontig_12.3 3900000 3999999 16.2969
Nc_Supercontig_12.3 4000000 4099999 14.1746
Nc_Supercontig_12.3 4300000 4399999 15.9366
Nc_Supercontig_12.3 4400000 4499999 13.1747
Nc_Supercontig_12.3 4500000 4599999 9.5299
Nc_Supercontig_12.3 4700000 4799999 11.0617
Nc_Supercontig_12.3 4800000 4899999 6.6674
Nc_Supercontig_12.3 4900000 4999999 12.2668
Nc_Supercontig_12.3 5100000 5199999 14.8112
Nc_Supercontig_12.3 0 99999 11.658
Nc_Supercontig_12.3 400000 499999 4.2366
Nc_Supercontig_12.3 800000 899999 2.0854
Nc_Supercontig_12.3 1200000 1299999 12.3955
Nc_Supercontig_12.3 1600000 1699999 15.5022
Nc_Supercontig_12.3 2100000 2199999 14.6141
Nc_Supercontig_12.3 2500000 2599999 17.8509
Nc_Supercontig_12.3 2900000 2999999 14.9589
Nc_Supercontig_12.3 3300000 3399999 15.6193
Nc_Supercontig_12.3 3700000 3799999 16.1675
Nc_Supercontig_12.3 4200000 4299999 11.9712
Nc_Supercontig_12.3 4600000 4699999 12.7231
Nc_Supercontig_12.3 5000000 5099999 9.7677
Nc_Supercontig_12.4 1000000 1099999 1.8656
Nc_Supercontig_12.4 2000000 2099999 12.7831
Nc_Supercontig_12.4 3100000 3199999 16.1434
Nc_Supercontig_12.4 4100000 4199999 14.8465
Nc_Supercontig_12.4 5200000 5299999 8.0388
Nc_Supercontig_12.4 100000 199999 8.7175
Nc_Supercontig_12.4 200000 299999 13.4004
Nc_Supercontig_12.4 300000 399999 9.6055
Nc_Supercontig_12.4 500000 599999 11.6844
Nc_Supercontig_12.4 600000 699999 11.3136
Nc_Supercontig_12.4 700000 799999 11.9199
Nc_Supercontig_12.4 900000 999999 0.3224
Nc_Supercontig_12.4 1100000 1199999 7.9179
Nc_Supercontig_12.4 1300000 1399999 14.7022
Nc_Supercontig_12.4 1400000 1499999 8.0384
Nc_Supercontig_12.4 1500000 1599999 15.051
Nc_Supercontig_12.4 1700000 1799999 14.3603
Nc_Supercontig_12.4 1800000 1899999 13.2789
Nc_Supercontig_12.4 1900000 1999999 11.3096
Nc_Supercontig_12.4 2200000 2299999 19.2697
Nc_Supercontig_12.4 2300000 2399999 9.6987
Nc_Supercontig_12.4 2400000 2499999 16.7688
Nc_Supercontig_12.4 2600000 2699999 15.5914
Nc_Supercontig_12.4 2700000 2799999 13.1792
Nc_Supercontig_12.4 2800000 2899999 17.1488
Nc_Supercontig_12.4 3000000 3099999 10.7217
Nc_Supercontig_12.4 3200000 3299999 15.4078
Nc_Supercontig_12.4 3400000 3499999 16.9494
Nc_Supercontig_12.4 3500000 3599999 18.9064
Nc_Supercontig_12.4 3600000 3699999 15.1328
Nc_Supercontig_12.4 3800000 3899999 15.7998
Nc_Supercontig_12.4 3900000 3999999 16.2965
Nc_Supercontig_12.4 4000000 4099999 11.591
Nc_Supercontig_12.4 4300000 4399999 18.6807
Nc_Supercontig_12.4 4400000 4499999 16.3453
Nc_Supercontig_12.4 4500000 4599999 16.2094
Nc_Supercontig_12.4 4700000 4799999 13.9528
Nc_Supercontig_12.4 4800000 4899999 17.8069
Nc_Supercontig_12.4 4900000 4999999 13.6387
Nc_Supercontig_12.4 5100000 5199999 13.9748
Nc_Supercontig_12.4 5300000 5399999 9.7627
Nc_Supercontig_12.4 5500000 5599999 14.7649
Nc_Supercontig_12.4 5600000 5699999 14.3706
Nc_Supercontig_12.4 5700000 5799999 14.932
Nc_Supercontig_12.4 5800000 5899999 8.041
Nc_Supercontig_12.4 0 99999 12.2225
Nc_Supercontig_12.4 400000 499999 10.57
Nc_Supercontig_12.4 800000 899999 10.5206
Nc_Supercontig_12.4 1200000 1299999 17.0587
Nc_Supercontig_12.4 1600000 1699999 16.2122
Nc_Supercontig_12.4 2100000 2199999 16.3122
Nc_Supercontig_12.4 2500000 2599999 16.8429
Nc_Supercontig_12.4 2900000 2999999 16.1865
Nc_Supercontig_12.4 3300000 3399999 15.2175
Nc_Supercontig_12.4 3700000 3799999 11.6385
Nc_Supercontig_12.4 4200000 4299999 6.6173
Nc_Supercontig_12.4 4600000 4699999 10.0493
Nc_Supercontig_12.4 5000000 5099999 9.3207
Nc_Supercontig_12.4 5400000 5499999 14.7083
Nc_Supercontig_12.4 5900000 5999999 2.7866
Nc_Supercontig_12.4 6000000 6000761 0.0027
Nc_Supercontig_12.5 1000000 1099999 0.9836
Nc_Supercontig_12.5 2000000 2099999 16.9886
Nc_Supercontig_12.5 3100000 3199999 17.3723
Nc_Supercontig_12.5 4100000 4199999 15.3216
Nc_Supercontig_12.5 5200000 5299999 14.8337
Nc_Supercontig_12.5 6200000 6299999 9.8065
Nc_Supercontig_12.5 100000 199999 12.9322
Nc_Supercontig_12.5 200000 299999 12.5198
Nc_Supercontig_12.5 300000 399999 14.0457
Nc_Supercontig_12.5 500000 599999 10.5029
Nc_Supercontig_12.5 600000 699999 13.1539
Nc_Supercontig_12.5 700000 799999 11.5647
Nc_Supercontig_12.5 900000 999999 1.0636
Nc_Supercontig_12.5 1100000 1199999 0.5935
Nc_Supercontig_12.5 1300000 1399999 13.9086
Nc_Supercontig_12.5 1400000 1499999 14.2883
Nc_Supercontig_12.5 1500000 1599999 15.4473
Nc_Supercontig_12.5 1700000 1799999 12.7581
Nc_Supercontig_12.5 1800000 1899999 17.2373
Nc_Supercontig_12.5 1900000 1999999 15.9996
Nc_Supercontig_12.5 2200000 2299999 15.7589
Nc_Supercontig_12.5 2300000 2399999 16.6185
Nc_Supercontig_12.5 2400000 2499999 16.2819
Nc_Supercontig_12.5 2600000 2699999 13.4572
Nc_Supercontig_12.5 2700000 2799999 15.7865
Nc_Supercontig_12.5 2800000 2899999 13.7395
Nc_Supercontig_12.5 3000000 3099999 16.8784
Nc_Supercontig_12.5 3200000 3299999 17.5992
Nc_Supercontig_12.5 3400000 3499999 13.9972
Nc_Supercontig_12.5 3500000 3599999 18.3328
Nc_Supercontig_12.5 3600000 3699999 18.7935
Nc_Supercontig_12.5 3800000 3899999 14.0437
Nc_Supercontig_12.5 3900000 3999999 15.3891
Nc_Supercontig_12.5 4000000 4099999 11.2235
Nc_Supercontig_12.5 4300000 4399999 16.5582
Nc_Supercontig_12.5 4400000 4499999 11.9471
Nc_Supercontig_12.5 4500000 4599999 15.2182
Nc_Supercontig_12.5 4700000 4799999 14.2367
Nc_Supercontig_12.5 4800000 4899999 18.4572
Nc_Supercontig_12.5 4900000 4999999 16.8407
Nc_Supercontig_12.5 5100000 5199999 15.7171
Nc_Supercontig_12.5 5300000 5399999 15.6524
Nc_Supercontig_12.5 5500000 5599999 14.7111
Nc_Supercontig_12.5 5600000 5699999 9.9012
Nc_Supercontig_12.5 5700000 5799999 14.4247
Nc_Supercontig_12.5 5800000 5899999 13.9476
Nc_Supercontig_12.5 6000000 6099999 6.3236
Nc_Supercontig_12.5 6100000 6199999 7.7299
Nc_Supercontig_12.5 6400000 6436246 4.6034
Nc_Supercontig_12.5 0 99999 13.1722
Nc_Supercontig_12.5 400000 499999 13.7324
Nc_Supercontig_12.5 800000 899999 13.5956
Nc_Supercontig_12.5 1200000 1299999 12.3981
Nc_Supercontig_12.5 1600000 1699999 12.2057
Nc_Supercontig_12.5 2100000 2199999 18.6496
Nc_Supercontig_12.5 2500000 2599999 16.454
Nc_Supercontig_12.5 2900000 2999999 14.3981
Nc_Supercontig_12.5 3300000 3399999 18.1595
Nc_Supercontig_12.5 3700000 3799999 16.3389
Nc_Supercontig_12.5 4200000 4299999 14.6806
Nc_Supercontig_12.5 4600000 4699999 17.9518
Nc_Supercontig_12.5 5000000 5099999 16.072
Nc_Supercontig_12.5 5400000 5499999 12.6213
Nc_Supercontig_12.5 5900000 5999999 9.2951
Nc_Supercontig_12.5 6300000 6399999 13.878
Nc_Supercontig_12.6 1000000 1099999 11.8874
Nc_Supercontig_12.6 2000000 2099999 19.4722
Nc_Supercontig_12.6 3100000 3199999 18.1827
Nc_Supercontig_12.6 4100000 4199999 11.3451
Nc_Supercontig_12.6 100000 199999 10.4348
Nc_Supercontig_12.6 200000 299999 12.0799
Nc_Supercontig_12.6 300000 399999 10.5799
Nc_Supercontig_12.6 500000 599999 11.9553
Nc_Supercontig_12.6 600000 699999 14.2148
Nc_Supercontig_12.6 700000 799999 15.3681
Nc_Supercontig_12.6 900000 999999 16.6093
Nc_Supercontig_12.6 1100000 1199999 12.4908
Nc_Supercontig_12.6 1300000 1399999 14.0459
Nc_Supercontig_12.6 1400000 1499999 14.671
Nc_Supercontig_12.6 1500000 1599999 15.2277
Nc_Supercontig_12.6 1700000 1799999 12.0881
Nc_Supercontig_12.6 1800000 1899999 8.9225
Nc_Supercontig_12.6 1900000 1999999 12.0424
Nc_Supercontig_12.6 2200000 2299999 19.2304
Nc_Supercontig_12.6 2300000 2399999 16.0956
Nc_Supercontig_12.6 2400000 2499999 15.7183
Nc_Supercontig_12.6 2600000 2699999 15.2468
Nc_Supercontig_12.6 2700000 2799999 10.0865
Nc_Supercontig_12.6 2800000 2899999 0.9415
Nc_Supercontig_12.6 3000000 3099999 6.3712
Nc_Supercontig_12.6 3200000 3299999 13.8398
Nc_Supercontig_12.6 3400000 3499999 10.6408
Nc_Supercontig_12.6 3500000 3599999 9.29
Nc_Supercontig_12.6 3600000 3699999 12.2237
Nc_Supercontig_12.6 3800000 3899999 11.5692
Nc_Supercontig_12.6 3900000 3999999 14.723
Nc_Supercontig_12.6 4000000 4099999 10.0748
Nc_Supercontig_12.6 0 99999 15.7224
Nc_Supercontig_12.6 400000 499999 10.3846
Nc_Supercontig_12.6 800000 899999 17.5414
Nc_Supercontig_12.6 1200000 1299999 13.9989
Nc_Supercontig_12.6 1600000 1699999 16.5439
Nc_Supercontig_12.6 2100000 2199999 18.1096
Nc_Supercontig_12.6 2500000 2599999 14.0052
Nc_Supercontig_12.6 2900000 2999999 3.0709
Nc_Supercontig_12.6 3300000 3399999 14.3211
Nc_Supercontig_12.6 3700000 3799999 11.5236
Nc_Supercontig_12.6 4200000 4218384 0.0604
Nc_Supercontig_12.7 1000000 1099999 7.3599
Nc_Supercontig_12.7 2000000 2099999 13.5776
Nc_Supercontig_12.7 3100000 3199999 16.9314
Nc_Supercontig_12.7 4100000 4199999 14.0231
Nc_Supercontig_12.7 100000 199999 11.2632
Nc_Supercontig_12.7 200000 299999 11.2427
Nc_Supercontig_12.7 300000 399999 9.6106
Nc_Supercontig_12.7 500000 599999 13.7981
Nc_Supercontig_12.7 600000 699999 11.4922
Nc_Supercontig_12.7 700000 799999 13.0696
Nc_Supercontig_12.7 900000 999999 11.8061
Nc_Supercontig_12.7 1100000 1199999 11.2335
Nc_Supercontig_12.7 1300000 1399999 10.4827
Nc_Supercontig_12.7 1400000 1499999 13.5542
Nc_Supercontig_12.7 1500000 1599999 12.334
Nc_Supercontig_12.7 1700000 1799999 15.7808
Nc_Supercontig_12.7 1800000 1899999 13.8736
Nc_Supercontig_12.7 1900000 1999999 17.2787
Nc_Supercontig_12.7 2200000 2299999 3.1461
Nc_Supercontig_12.7 2300000 2399999 2.9814
Nc_Supercontig_12.7 2400000 2499999 5.3643
Nc_Supercontig_12.7 2600000 2699999 17.2862
Nc_Supercontig_12.7 2700000 2799999 16.2993
Nc_Supercontig_12.7 2800000 2899999 16.4448
Nc_Supercontig_12.7 3000000 3099999 15.9626
Nc_Supercontig_12.7 3200000 3299999 15.3158
Nc_Supercontig_12.7 3400000 3499999 10.0186
Nc_Supercontig_12.7 3500000 3599999 13.5288
Nc_Supercontig_12.7 3600000 3699999 10.152
Nc_Supercontig_12.7 3800000 3899999 15.8368
Nc_Supercontig_12.7 3900000 3999999 11.2747
Nc_Supercontig_12.7 4000000 4099999 12.4804
Nc_Supercontig_12.7 0 99999 17.0619
Nc_Supercontig_12.7 400000 499999 12.1813
Nc_Supercontig_12.7 800000 899999 11.9819
Nc_Supercontig_12.7 1200000 1299999 12.4198
Nc_Supercontig_12.7 1600000 1699999 14.2076
Nc_Supercontig_12.7 2100000 2199999 7.1288
Nc_Supercontig_12.7 2500000 2599999 13.6704
Nc_Supercontig_12.7 2900000 2999999 12.5422
Nc_Supercontig_12.7 3300000 3399999 15.6246
Nc_Supercontig_12.7 3700000 3799999 12.2004
Nc_Supercontig_12.7 4200000 4255303 3.4168
