Nc_Supercontig_12.1 8300000 8399999 17.5918
Nc_Supercontig_12.1 1000000 1099999 16.3349
Nc_Supercontig_12.1 2000000 2099999 18.973
Nc_Supercontig_12.1 3100000 3199999 16.9249
Nc_Supercontig_12.1 4100000 4199999 15.1384
Nc_Supercontig_12.1 5200000 5299999 18.3864
Nc_Supercontig_12.1 6200000 6299999 14.3815
Nc_Supercontig_12.1 7300000 7399999 20.2184
Nc_Supercontig_12.1 9400000 9499999 9.422
Nc_Supercontig_12.1 100000 199999 15.0448
Nc_Supercontig_12.1 200000 299999 6.0344
Nc_Supercontig_12.1 300000 399999 11.4881
Nc_Supercontig_12.1 500000 599999 12.7859
Nc_Supercontig_12.1 600000 699999 13.4015
Nc_Supercontig_12.1 700000 799999 13.9232
Nc_Supercontig_12.1 900000 999999 12.2524
Nc_Supercontig_12.1 1100000 1199999 14.7385
Nc_Supercontig_12.1 1300000 1399999 12.706
Nc_Supercontig_12.1 1400000 1499999 14.6823
Nc_Supercontig_12.1 1500000 1599999 15.9536
Nc_Supercontig_12.1 1700000 1799999 17.5987
Nc_Supercontig_12.1 1800000 1899999 16.1495
Nc_Supercontig_12.1 1900000 1999999 18.3796
Nc_Supercontig_12.1 2200000 2299999 12.3889
Nc_Supercontig_12.1 2300000 2399999 6.6427
Nc_Supercontig_12.1 2400000 2499999 17.008
Nc_Supercontig_12.1 2600000 2699999 17.2848
Nc_Supercontig_12.1 2700000 2799999 17.473
Nc_Supercontig_12.1 2800000 2899999 17.0673
Nc_Supercontig_12.1 3000000 3099999 16.7132
Nc_Supercontig_12.1 3200000 3299999 17.6817
Nc_Supercontig_12.1 3400000 3499999 14.9786
Nc_Supercontig_12.1 3500000 3599999 18.2859
Nc_Supercontig_12.1 3600000 3699999 4.6752
Nc_Supercontig_12.1 3800000 3899999 3.1032
Nc_Supercontig_12.1 3900000 3999999 4.496
Nc_Supercontig_12.1 4000000 4099999 3.9454
Nc_Supercontig_12.1 4300000 4399999 10.5558
Nc_Supercontig_12.1 4400000 4499999 16.596
Nc_Supercontig_12.1 4500000 4599999 17.3521
Nc_Supercontig_12.1 4700000 4799999 17.8875
Nc_Supercontig_12.1 4800000 4899999 19.5402
Nc_Supercontig_12.1 4900000 4999999 17.4088
Nc_Supercontig_12.1 5100000 5199999 17.7582
Nc_Supercontig_12.1 5300000 5399999 12.9057
Nc_Supercontig_12.1 5500000 5599999 13.7437
Nc_Supercontig_12.1 5600000 5699999 16.5826
Nc_Supercontig_12.1 5700000 5799999 10.3057
Nc_Supercontig_12.1 5800000 5899999 16.3559
Nc_Supercontig_12.1 6000000 6099999 17.0301
Nc_Supercontig_12.1 6100000 6199999 15.682
Nc_Supercontig_12.1 6400000 6499999 9.0323
Nc_Supercontig_12.1 6500000 6599999 17.3512
Nc_Supercontig_12.1 6600000 6699999 16.6466
Nc_Supercontig_12.1 6800000 6899999 16.9105
Nc_Supercontig_12.1 6900000 6999999 14.5914
Nc_Supercontig_12.1 7000000 7099999 14.9041
Nc_Supercontig_12.1 7200000 7299999 13.9217
Nc_Supercontig_12.1 7400000 7499999 18.3405
Nc_Supercontig_12.1 7600000 7699999 16.7332
Nc_Supercontig_12.1 7700000 7799999 16.1215
Nc_Supercontig_12.1 7800000 7899999 17.7231
Nc_Supercontig_12.1 7900000 7999999 16.9099
Nc_Supercontig_12.1 8100000 8199999 15.7022
Nc_Supercontig_12.1 8200000 8299999 8.3726
Nc_Supercontig_12.1 8500000 8599999 15.718
Nc_Supercontig_12.1 8600000 8699999 14.1528
Nc_Supercontig_12.1 8700000 8799999 13.1455
Nc_Supercontig_12.1 8900000 8999999 16.7653
Nc_Supercontig_12.1 9000000 9099999 17.3386
Nc_Supercontig_12.1 9100000 9199999 13.473
Nc_Supercontig_12.1 9300000 9399999 8.8914
Nc_Supercontig_12.1 9500000 9599999 13.5288
Nc_Supercontig_12.1 9600000 9699999 15.2986
Nc_Supercontig_12.1 0 99999 8.6025
Nc_Supercontig_12.1 400000 499999 13.0041
Nc_Supercontig_12.1 800000 899999 10.6416
Nc_Supercontig_12.1 1200000 1299999 13.0946
Nc_Supercontig_12.1 1600000 1699999 21.8173
Nc_Supercontig_12.1 2100000 2199999 17.4108
Nc_Supercontig_12.1 2500000 2599999 16.5181
Nc_Supercontig_12.1 2900000 2999999 16.2348
Nc_Supercontig_12.1 3300000 3399999 18.2083
Nc_Supercontig_12.1 3700000 3799999 5.1775
Nc_Supercontig_12.1 4200000 4299999 16.2645
Nc_Supercontig_12.1 4600000 4699999 17.9102
Nc_Supercontig_12.1 5000000 5099999 16.3867
Nc_Supercontig_12.1 5400000 5499999 13.6462
Nc_Supercontig_12.1 5900000 5999999 9.7492
Nc_Supercontig_12.1 6300000 6399999 10.1954
Nc_Supercontig_12.1 6700000 6799999 20.2857
Nc_Supercontig_12.1 7100000 7199999 15.5556
Nc_Supercontig_12.1 7500000 7599999 16.8148
Nc_Supercontig_12.1 8000000 8099999 17.1991
Nc_Supercontig_12.1 8400000 8499999 16.671
Nc_Supercontig_12.1 8800000 8899999 13.0963
Nc_Supercontig_12.1 9200000 9299999 12.217
Nc_Supercontig_12.1 9700000 9798893 3.8433
Nc_Supercontig_12.2 1000000 1099999 13.388
Nc_Supercontig_12.2 2000000 2099999 18.078
Nc_Supercontig_12.2 3100000 3199999 16.5286
Nc_Supercontig_12.2 4100000 4199999 7.6238
Nc_Supercontig_12.2 100000 199999 8.9344
Nc_Supercontig_12.2 200000 299999 14.977
Nc_Supercontig_12.2 300000 399999 10.7581
Nc_Supercontig_12.2 500000 599999 13.4159
Nc_Supercontig_12.2 600000 699999 13.3893
Nc_Supercontig_12.2 700000 799999 12.5137
Nc_Supercontig_12.2 900000 999999 16.3967
Nc_Supercontig_12.2 1100000 1199999 2.8173
Nc_Supercontig_12.2 1300000 1399999 6.4313
Nc_Supercontig_12.2 1400000 1499999 16.0442
Nc_Supercontig_12.2 1500000 1599999 15.3903
Nc_Supercontig_12.2 1700000 1799999 12.4715
Nc_Supercontig_12.2 1800000 1899999 14.5136
Nc_Supercontig_12.2 1900000 1999999 14.9442
Nc_Supercontig_12.2 2200000 2299999 17.6836
Nc_Supercontig_12.2 2300000 2399999 18.032
Nc_Supercontig_12.2 2400000 2499999 18.4083
Nc_Supercontig_12.2 2600000 2699999 17.5336
Nc_Supercontig_12.2 2700000 2799999 16.8827
Nc_Supercontig_12.2 2800000 2899999 14.5439
Nc_Supercontig_12.2 3000000 3099999 16.8375
Nc_Supercontig_12.2 3200000 3299999 17.6738
Nc_Supercontig_12.2 3400000 3499999 16.535
Nc_Supercontig_12.2 3500000 3599999 13.7661
Nc_Supercontig_12.2 3600000 3699999 1.41
Nc_Supercontig_12.2 3800000 3899999 11.3371
Nc_Supercontig_12.2 3900000 3999999 9.4938
Nc_Supercontig_12.2 4000000 4099999 13.72
Nc_Supercontig_12.2 4300000 4399999 11.3968
Nc_Supercontig_12.2 4400000 4478683 11.449
Nc_Supercontig_12.2 0 99999 13.324
Nc_Supercontig_12.2 400000 499999 12.488
Nc_Supercontig_12.2 800000 899999 13.8514
Nc_Supercontig_12.2 1200000 1299999 1.749
Nc_Supercontig_12.2 1600000 1699999 16.9442
Nc_Supercontig_12.2 2100000 2199999 7.4718
Nc_Supercontig_12.2 2500000 2599999 17.4869
Nc_Supercontig_12.2 2900000 2999999 12.6644
Nc_Supercontig_12.2 3300000 3399999 10.5439
Nc_Supercontig_12.2 3700000 3799999 11.0877
Nc_Supercontig_12.2 4200000 4299999 11.1477
Nc_Supercontig_12.3 1000000 1099999 13.5323
Nc_Supercontig_12.3 2000000 2099999 16.9113
Nc_Supercontig_12.3 3100000 3199999 14.4326
Nc_Supercontig_12.3 4100000 4199999 18.7932
Nc_Supercontig_12.3 5200000 5274802 9.4944
Nc_Supercontig_12.3 100000 199999 11.9331
Nc_Supercontig_12.3 200000 299999 9.7657
Nc_Supercontig_12.3 300000 399999 2.7645
Nc_Supercontig_12.3 500000 599999 9.529
Nc_Supercontig_12.3 600000 699999 16.1098
Nc_Supercontig_12.3 700000 799999 1.1929
Nc_Supercontig_12.3 900000 999999 7.9086
Nc_Supercontig_12.3 1100000 1199999 17.3237
Nc_Supercontig_12.3 1300000 1399999 14.1725
Nc_Supercontig_12.3 1400000 1499999 16.4278
Nc_Supercontig_12.3 1500000 1599999 13.3048
Nc_Supercontig_12.3 1700000 1799999 9.4735
Nc_Supercontig_12.3 1800000 1899999 17.2184
Nc_Supercontig_12.3 1900000 1999999 16.1818
Nc_Supercontig_12.3 2200000 2299999 9.2691
Nc_Supercontig_12.3 2300000 2399999 16.489
Nc_Supercontig_12.3 2400000 2499999 13.3807
Nc_Supercontig_12.3 2600000 2699999 17.3487
Nc_Supercontig_12.3 2700000 2799999 18.2168
Nc_Supercontig_12.3 2800000 2899999 13.811
Nc_Supercontig_12.3 3000000 3099999 15.5676
Nc_Supercontig_12.3 3200000 3299999 15.8622
Nc_Supercontig_12.3 3400000 3499999 16.5678
Nc_Supercontig_12.3 3500000 3599999 15.6702
Nc_Supercontig_12.3 3600000 3699999 16.9627
Nc_Supercontig_12.3 3800000 3899999 17.501
Nc_Supercontig_12.3 3900000 3999999 16.412
Nc_Supercontig_12.3 4000000 4099999 14.2482
Nc_Supercontig_12.3 4300000 4399999 16.0663
Nc_Supercontig_12.3 4400000 4499999 13.3309
Nc_Supercontig_12.3 4500000 4599999 9.6435
Nc_Supercontig_12.3 4700000 4799999 11.1478
Nc_Supercontig_12.3 4800000 4899999 6.7228
Nc_Supercontig_12.3 4900000 4999999 12.4324
Nc_Supercontig_12.3 5100000 5199999 14.9295
Nc_Supercontig_12.3 0 99999 11.7746
Nc_Supercontig_12.3 400000 499999 4.3094
Nc_Supercontig_12.3 800000 899999 2.1132
Nc_Supercontig_12.3 1200000 1299999 12.4889
Nc_Supercontig_12.3 1600000 1699999 15.649
Nc_Supercontig_12.3 2100000 2199999 14.7355
Nc_Supercontig_12.3 2500000 2599999 17.9931
Nc_Supercontig_12.3 2900000 2999999 15.0806
Nc_Supercontig_12.3 3300000 3399999 15.8038
Nc_Supercontig_12.3 3700000 3799999 16.3047
Nc_Supercontig_12.3 4200000 4299999 12.0531
Nc_Supercontig_12.3 4600000 4699999 12.8638
Nc_Supercontig_12.3 5000000 5099999 9.8552
Nc_Supercontig_12.4 1000000 1099999 1.8906
Nc_Supercontig_12.4 2000000 2099999 12.8791
Nc_Supercontig_12.4 3100000 3199999 16.2583
Nc_Supercontig_12.4 4100000 4199999 14.9831
Nc_Supercontig_12.4 5200000 5299999 8.1526
Nc_Supercontig_12.4 100000 199999 8.8098
Nc_Supercontig_12.4 200000 299999 13.5998
Nc_Supercontig_12.4 300000 399999 9.6988
Nc_Supercontig_12.4 500000 599999 11.8247
Nc_Supercontig_12.4 600000 699999 11.4484
Nc_Supercontig_12.4 700000 799999 12.0589
Nc_Supercontig_12.4 900000 999999 0.3404
Nc_Supercontig_12.4 1100000 1199999 8.0153
Nc_Supercontig_12.4 1300000 1399999 14.824
Nc_Supercontig_12.4 1400000 1499999 8.198
Nc_Supercontig_12.4 1500000 1599999 15.174
Nc_Supercontig_12.4 1700000 1799999 14.47
Nc_Supercontig_12.4 1800000 1899999 13.3566
Nc_Supercontig_12.4 1900000 1999999 11.3681
Nc_Supercontig_12.4 2200000 2299999 19.4512
Nc_Supercontig_12.4 2300000 2399999 9.752
Nc_Supercontig_12.4 2400000 2499999 16.878
Nc_Supercontig_12.4 2600000 2699999 15.7401
Nc_Supercontig_12.4 2700000 2799999 13.3153
Nc_Supercontig_12.4 2800000 2899999 17.2868
Nc_Supercontig_12.4 3000000 3099999 10.7866
Nc_Supercontig_12.4 3200000 3299999 15.5381
Nc_Supercontig_12.4 3400000 3499999 17.0681
Nc_Supercontig_12.4 3500000 3599999 19.0681
Nc_Supercontig_12.4 3600000 3699999 15.2417
Nc_Supercontig_12.4 3800000 3899999 15.906
Nc_Supercontig_12.4 3900000 3999999 16.4628
Nc_Supercontig_12.4 4000000 4099999 11.6581
Nc_Supercontig_12.4 4300000 4399999 18.8733
Nc_Supercontig_12.4 4400000 4499999 16.4487
Nc_Supercontig_12.4 4500000 4599999 16.3354
Nc_Supercontig_12.4 4700000 4799999 14.06
Nc_Supercontig_12.4 4800000 4899999 18.0014
Nc_Supercontig_12.4 4900000 4999999 13.7903
Nc_Supercontig_12.4 5100000 5199999 14.1301
Nc_Supercontig_12.4 5300000 5399999 9.9216
Nc_Supercontig_12.4 5500000 5599999 14.9364
Nc_Supercontig_12.4 5600000 5699999 14.5536
Nc_Supercontig_12.4 5700000 5799999 15.0706
Nc_Supercontig_12.4 5800000 5899999 8.1128
Nc_Supercontig_12.4 0 99999 12.316
Nc_Supercontig_12.4 400000 499999 10.739
Nc_Supercontig_12.4 800000 899999 10.6075
Nc_Supercontig_12.4 1200000 1299999 17.195
Nc_Supercontig_12.4 1600000 1699999 16.3154
Nc_Supercontig_12.4 2100000 2199999 16.4046
Nc_Supercontig_12.4 2500000 2599999 16.9565
Nc_Supercontig_12.4 2900000 2999999 16.2975
Nc_Supercontig_12.4 3300000 3399999 15.3376
Nc_Supercontig_12.4 3700000 3799999 11.7116
Nc_Supercontig_12.4 4200000 4299999 6.6916
Nc_Supercontig_12.4 4600000 4699999 10.1176
Nc_Supercontig_12.4 5000000 5099999 9.4162
Nc_Supercontig_12.4 5400000 5499999 14.8774
Nc_Supercontig_12.4 5900000 5999999 2.8131
Nc_Supercontig_12.4 6000000 6000761 0.0029
Nc_Supercontig_12.5 1000000 1099999 1.0069
Nc_Supercontig_12.5 2000000 2099999 17.1109
Nc_Supercontig_12.5 3100000 3199999 17.4746
Nc_Supercontig_12.5 4100000 4199999 15.4443
Nc_Supercontig_12.5 5200000 5299999 14.9934
Nc_Supercontig_12.5 6200000 6299999 9.9239
Nc_Supercontig_12.5 100000 199999 13.0861
Nc_Supercontig_12.5 200000 299999 12.6564
Nc_Supercontig_12.5 300000 399999 14.2129
Nc_Supercontig_12.5 500000 599999 10.5854
Nc_Supercontig_12.5 600000 699999 13.3092
Nc_Supercontig_12.5 700000 799999 11.7109
Nc_Supercontig_12.5 900000 999999 1.0939
Nc_Supercontig_12.5 1100000 1199999 0.5962
Nc_Supercontig_12.5 1300000 1399999 14.014
Nc_Supercontig_12.5 1400000 1499999 14.4488
Nc_Supercontig_12.5 1500000 1599999 15.6373
Nc_Supercontig_12.5 1700000 1799999 12.9095
Nc_Supercontig_12.5 1800000 1899999 17.3974
Nc_Supercontig_12.5 1900000 1999999 16.1283
Nc_Supercontig_12.5 2200000 2299999 15.886
Nc_Supercontig_12.5 2300000 2399999 16.7475
Nc_Supercontig_12.5 2400000 2499999 16.4096
Nc_Supercontig_12.5 2600000 2699999 13.5586
Nc_Supercontig_12.5 2700000 2799999 15.8961
Nc_Supercontig_12.5 2800000 2899999 13.8318
Nc_Supercontig_12.5 3000000 3099999 17.0198
Nc_Supercontig_12.5 3200000 3299999 17.7165
Nc_Supercontig_12.5 3400000 3499999 14.1002
Nc_Supercontig_12.5 3500000 3599999 18.4484
Nc_Supercontig_12.5 3600000 3699999 18.9198
Nc_Supercontig_12.5 3800000 3899999 14.171
Nc_Supercontig_12.5 3900000 3999999 15.4966
Nc_Supercontig_12.5 4000000 4099999 11.3018
Nc_Supercontig_12.5 4300000 4399999 16.7249
Nc_Supercontig_12.5 4400000 4499999 12.0598
Nc_Supercontig_12.5 4500000 4599999 15.3519
Nc_Supercontig_12.5 4700000 4799999 14.3229
Nc_Supercontig_12.5 4800000 4899999 18.597
Nc_Supercontig_12.5 4900000 4999999 16.9646
Nc_Supercontig_12.5 5100000 5199999 15.9004
Nc_Supercontig_12.5 5300000 5399999 15.7723
Nc_Supercontig_12.5 5500000 5599999 14.8315
Nc_Supercontig_12.5 5600000 5699999 10.0135
Nc_Supercontig_12.5 5700000 5799999 14.572
Nc_Supercontig_12.5 5800000 5899999 14.132
Nc_Supercontig_12.5 6000000 6099999 6.387
Nc_Supercontig_12.5 6100000 6199999 7.7842
Nc_Supercontig_12.5 6400000 6436246 4.6499
Nc_Supercontig_12.5 0 99999 13.2925
Nc_Supercontig_12.5 400000 499999 13.8523
Nc_Supercontig_12.5 800000 899999 13.708
Nc_Supercontig_12.5 1200000 1299999 12.5227
Nc_Supercontig_12.5 1600000 1699999 12.3448
Nc_Supercontig_12.5 2100000 2199999 18.8256
Nc_Supercontig_12.5 2500000 2599999 16.5924
Nc_Supercontig_12.5 2900000 2999999 14.5275
Nc_Supercontig_12.5 3300000 3399999 18.2652
Nc_Supercontig_12.5 3700000 3799999 16.4571
Nc_Supercontig_12.5 4200000 4299999 14.8069
Nc_Supercontig_12.5 4600000 4699999 18.0827
Nc_Supercontig_12.5 5000000 5099999 16.1972
Nc_Supercontig_12.5 5400000 5499999 12.7534
Nc_Supercontig_12.5 5900000 5999999 9.3814
Nc_Supercontig_12.5 6300000 6399999 13.9879
Nc_Supercontig_12.6 1000000 1099999 11.9934
Nc_Supercontig_12.6 2000000 2099999 15.0584
Nc_Supercontig_12.6 3100000 3199999 18.3441
Nc_Supercontig_12.6 4100000 4199999 11.4351
Nc_Supercontig_12.6 100000 199999 10.5409
Nc_Supercontig_12.6 200000 299999 12.2033
Nc_Supercontig_12.6 300000 399999 10.6704
Nc_Supercontig_12.6 500000 599999 12.135
Nc_Supercontig_12.6 600000 699999 14.3208
Nc_Supercontig_12.6 700000 799999 15.5428
Nc_Supercontig_12.6 900000 999999 16.7499
Nc_Supercontig_12.6 1100000 1199999 12.6147
Nc_Supercontig_12.6 1300000 1399999 14.1845
Nc_Supercontig_12.6 1400000 1499999 14.7974
Nc_Supercontig_12.6 1500000 1599999 15.3521
Nc_Supercontig_12.6 1700000 1799999 12.1876
Nc_Supercontig_12.6 1800000 1899999 9.6692
Nc_Supercontig_12.6 1900000 1999999 13.9373
Nc_Supercontig_12.6 2200000 2299999 15.961
Nc_Supercontig_12.6 2300000 2399999 17.0259
Nc_Supercontig_12.6 2400000 2499999 20.255
Nc_Supercontig_12.6 2600000 2699999 12.6661
Nc_Supercontig_12.6 2700000 2799999 10.9928
Nc_Supercontig_12.6 2800000 2899999 0.9475
Nc_Supercontig_12.6 3000000 3099999 6.4014
Nc_Supercontig_12.6 3200000 3299999 14.0295
Nc_Supercontig_12.6 3400000 3499999 10.7811
Nc_Supercontig_12.6 3500000 3599999 9.3785
Nc_Supercontig_12.6 3600000 3699999 12.4133
Nc_Supercontig_12.6 3800000 3899999 11.7169
Nc_Supercontig_12.6 3900000 3999999 14.9307
Nc_Supercontig_12.6 4000000 4099999 10.1611
Nc_Supercontig_12.6 0 99999 15.826
Nc_Supercontig_12.6 400000 499999 10.5064
Nc_Supercontig_12.6 800000 899999 17.7075
Nc_Supercontig_12.6 1200000 1299999 14.1022
Nc_Supercontig_12.6 1600000 1699999 16.6747
Nc_Supercontig_12.6 2100000 2199999 14.9608
Nc_Supercontig_12.6 2500000 2599999 19.6321
Nc_Supercontig_12.6 2900000 2999999 3.0905
Nc_Supercontig_12.6 3300000 3399999 14.4514
Nc_Supercontig_12.6 3700000 3799999 11.6481
Nc_Supercontig_12.6 4200000 4218384 0.0607
Nc_Supercontig_12.7 1000000 1099999 15.6994
Nc_Supercontig_12.7 2000000 2099999 3.1582
Nc_Supercontig_12.7 3100000 3199999 8.5269
Nc_Supercontig_12.7 4100000 4199999 12.6793
Nc_Supercontig_12.7 100000 199999 12.325
Nc_Supercontig_12.7 200000 299999 11.8095
Nc_Supercontig_12.7 300000 399999 13.676
Nc_Supercontig_12.7 500000 599999 9.0087
Nc_Supercontig_12.7 600000 699999 14.2398
Nc_Supercontig_12.7 700000 799999 14.4094
Nc_Supercontig_12.7 900000 999999 16.8518
Nc_Supercontig_12.7 1100000 1199999 16.7245
Nc_Supercontig_12.7 1300000 1399999 15.2751
Nc_Supercontig_12.7 1400000 1499999 14.0009
Nc_Supercontig_12.7 1500000 1599999 17.276
Nc_Supercontig_12.7 1700000 1799999 9.4892
Nc_Supercontig_12.7 1800000 1899999 4.2717
Nc_Supercontig_12.7 1900000 1999999 2.7132
Nc_Supercontig_12.7 2200000 2299999 17.4321
Nc_Supercontig_12.7 2300000 2399999 16.3941
Nc_Supercontig_12.7 2400000 2499999 14.6957
Nc_Supercontig_12.7 2600000 2699999 12.6195
Nc_Supercontig_12.7 2700000 2799999 14.1061
Nc_Supercontig_12.7 2800000 2899999 12.7343
Nc_Supercontig_12.7 3000000 3099999 14.0896
Nc_Supercontig_12.7 3200000 3299999 9.2648
Nc_Supercontig_12.7 3400000 3499999 13.8418
Nc_Supercontig_12.7 3500000 3599999 12.411
Nc_Supercontig_12.7 3600000 3699999 14.9482
Nc_Supercontig_12.7 3800000 3899999 12.3827
Nc_Supercontig_12.7 3900000 3999999 7.7445
Nc_Supercontig_12.7 4000000 4099999 13.1098
Nc_Supercontig_12.7 0 99999 10.0692
Nc_Supercontig_12.7 400000 499999 15.5505
Nc_Supercontig_12.7 800000 899999 8.8652
Nc_Supercontig_12.7 1200000 1299999 15.9651
Nc_Supercontig_12.7 1600000 1699999 17.0711
Nc_Supercontig_12.7 2100000 2199999 9.5469
Nc_Supercontig_12.7 2500000 2599999 15.6602
Nc_Supercontig_12.7 2900000 2999999 10.0227
Nc_Supercontig_12.7 3300000 3399999 10.5963
Nc_Supercontig_12.7 3700000 3799999 10.8885
Nc_Supercontig_12.7 4200000 4255303 10.3182
