Nc_Supercontig_12.1	0	100000	0.1863
Nc_Supercontig_12.1	100000	200000	0.2470
Nc_Supercontig_12.1	200000	300000	0.0784
Nc_Supercontig_12.1	300000	400000	0.3554
Nc_Supercontig_12.1	400000	500000	0.1235
Nc_Supercontig_12.1	500000	600000	0.1666
Nc_Supercontig_12.1	600000	700000	0.1384
Nc_Supercontig_12.1	700000	800000	0.1261
Nc_Supercontig_12.1	800000	900000	0.0792
Nc_Supercontig_12.1	900000	1000000	0.4820
Nc_Supercontig_12.1	1000000	1100000	0.2150
Nc_Supercontig_12.1	1100000	1200000	0.1049
Nc_Supercontig_12.1	1200000	1300000	0.1111
Nc_Supercontig_12.1	1300000	1400000	0.0460
Nc_Supercontig_12.1	1400000	1500000	0.0820
Nc_Supercontig_12.1	1500000	1600000	0.3670
Nc_Supercontig_12.1	1600000	1700000	0.0986
Nc_Supercontig_12.1	1700000	1800000	0.1876
Nc_Supercontig_12.1	1800000	1900000	0.1464
Nc_Supercontig_12.1	1900000	2000000	0.0755
Nc_Supercontig_12.1	2000000	2100000	0.1361
Nc_Supercontig_12.1	2100000	2200000	0.1307
Nc_Supercontig_12.1	2200000	2300000	0.9388
Nc_Supercontig_12.1	2300000	2400000	0.2714
Nc_Supercontig_12.1	2400000	2500000	0.2150
Nc_Supercontig_12.1	2500000	2600000	0.7202
Nc_Supercontig_12.1	2600000	2700000	0.1219
Nc_Supercontig_12.1	2700000	2800000	0.0993
Nc_Supercontig_12.1	2800000	2900000	0.2071
Nc_Supercontig_12.1	2900000	3000000	0.1306
Nc_Supercontig_12.1	3000000	3100000	0.0890
Nc_Supercontig_12.1	3100000	3200000	0.1096
Nc_Supercontig_12.1	3200000	3300000	0.1128
Nc_Supercontig_12.1	3300000	3400000	0.1375
Nc_Supercontig_12.1	3400000	3500000	0.0856
Nc_Supercontig_12.1	3500000	3600000	0.0689
Nc_Supercontig_12.1	3600000	3700000	0.0429
Nc_Supercontig_12.1	3700000	3800000	0.0258
Nc_Supercontig_12.1	3800000	3900000	0.0099
Nc_Supercontig_12.1	3900000	4000000	0.0224
Nc_Supercontig_12.1	4000000	4100000	0.0143
Nc_Supercontig_12.1	4100000	4200000	0.0717
Nc_Supercontig_12.1	4200000	4300000	0.1128
Nc_Supercontig_12.1	4300000	4400000	0.0693
Nc_Supercontig_12.1	4400000	4500000	0.1272
Nc_Supercontig_12.1	4500000	4600000	0.2387
Nc_Supercontig_12.1	4600000	4700000	0.1177
Nc_Supercontig_12.1	4700000	4800000	0.1364
Nc_Supercontig_12.1	4800000	4900000	0.0825
Nc_Supercontig_12.1	4900000	5000000	0.2205
Nc_Supercontig_12.1	5000000	5100000	0.0591
Nc_Supercontig_12.1	5100000	5200000	0.1587
Nc_Supercontig_12.1	5200000	5300000	0.1652
Nc_Supercontig_12.1	5300000	5400000	0.1020
Nc_Supercontig_12.1	5400000	5500000	0.1356
Nc_Supercontig_12.1	5500000	5600000	0.0907
Nc_Supercontig_12.1	5600000	5700000	0.9918
Nc_Supercontig_12.1	5700000	5800000	0.2132
Nc_Supercontig_12.1	5800000	5900000	0.8335
Nc_Supercontig_12.1	5900000	6000000	0.0502
Nc_Supercontig_12.1	6000000	6100000	0.1041
Nc_Supercontig_12.1	6100000	6200000	0.1164
Nc_Supercontig_12.1	6200000	6300000	0.0739
Nc_Supercontig_12.1	6300000	6400000	0.0838
Nc_Supercontig_12.1	6400000	6500000	1.0334
Nc_Supercontig_12.1	6500000	6600000	0.1002
Nc_Supercontig_12.1	6600000	6700000	0.1248
Nc_Supercontig_12.1	6700000	6800000	0.0892
Nc_Supercontig_12.1	6800000	6900000	0.9569
Nc_Supercontig_12.1	6900000	7000000	0.4341
Nc_Supercontig_12.1	7000000	7100000	0.1408
Nc_Supercontig_12.1	7100000	7200000	0.2446
Nc_Supercontig_12.1	7200000	7300000	0.0639
Nc_Supercontig_12.1	7300000	7400000	0.1235
Nc_Supercontig_12.1	7400000	7500000	0.0466
Nc_Supercontig_12.1	7500000	7600000	0.2402
Nc_Supercontig_12.1	7600000	7700000	0.2742
Nc_Supercontig_12.1	7700000	7800000	0.1208
Nc_Supercontig_12.1	7800000	7900000	0.0859
Nc_Supercontig_12.1	7900000	8000000	0.5142
Nc_Supercontig_12.1	8000000	8100000	0.1655
Nc_Supercontig_12.1	8100000	8200000	0.4531
Nc_Supercontig_12.1	8200000	8300000	0.0861
Nc_Supercontig_12.1	8300000	8400000	0.1558
Nc_Supercontig_12.1	8400000	8500000	0.1116
Nc_Supercontig_12.1	8500000	8600000	0.1257
Nc_Supercontig_12.1	8600000	8700000	1.1822
Nc_Supercontig_12.1	8700000	8800000	0.1143
Nc_Supercontig_12.1	8800000	8900000	0.1572
Nc_Supercontig_12.1	8900000	9000000	0.1054
Nc_Supercontig_12.1	9000000	9100000	0.1444
Nc_Supercontig_12.1	9100000	9200000	0.2508
Nc_Supercontig_12.1	9200000	9300000	0.1250
Nc_Supercontig_12.1	9300000	9400000	0.1095
Nc_Supercontig_12.1	9400000	9500000	0.1292
Nc_Supercontig_12.1	9500000	9600000	0.1628
Nc_Supercontig_12.1	9600000	9700000	0.0702
Nc_Supercontig_12.1	9700000	9798893	0.0520
Nc_Supercontig_12.10	0	100000	0.0056
Nc_Supercontig_12.10	100000	125404	0.0042
Nc_Supercontig_12.11	0	31696	0.0053
Nc_Supercontig_12.12	0	19714	0.3840
Nc_Supercontig_12.13	0	13515	0.0056
Nc_Supercontig_12.14	0	11565	0.0048
Nc_Supercontig_12.15	0	9397	0.4985
Nc_Supercontig_12.16	0	8983	0.3585
Nc_Supercontig_12.17	0	6701	0.0054
Nc_Supercontig_12.18	0	6309	0.3777
Nc_Supercontig_12.19	0	4755	0.1266
Nc_Supercontig_12.2	0	100000	0.0932
Nc_Supercontig_12.2	100000	200000	0.1334
Nc_Supercontig_12.2	200000	300000	0.0837
Nc_Supercontig_12.2	300000	400000	0.1153
Nc_Supercontig_12.2	400000	500000	0.1840
Nc_Supercontig_12.2	500000	600000	0.0783
Nc_Supercontig_12.2	600000	700000	0.0620
Nc_Supercontig_12.2	700000	800000	0.1932
Nc_Supercontig_12.2	800000	900000	0.1246
Nc_Supercontig_12.2	900000	1000000	1.1334
Nc_Supercontig_12.2	1000000	1100000	0.0680
Nc_Supercontig_12.2	1100000	1200000	0.0115
Nc_Supercontig_12.2	1200000	1300000	0.0079
Nc_Supercontig_12.2	1300000	1400000	0.0293
Nc_Supercontig_12.2	1400000	1500000	1.1108
Nc_Supercontig_12.2	1500000	1600000	0.5407
Nc_Supercontig_12.2	1600000	1700000	0.0630
Nc_Supercontig_12.2	1700000	1800000	0.0873
Nc_Supercontig_12.2	1800000	1900000	0.1714
Nc_Supercontig_12.2	1900000	2000000	0.0928
Nc_Supercontig_12.2	2000000	2100000	0.1196
Nc_Supercontig_12.2	2100000	2200000	0.0368
Nc_Supercontig_12.2	2200000	2300000	0.1645
Nc_Supercontig_12.2	2300000	2400000	0.0685
Nc_Supercontig_12.2	2400000	2500000	0.7650
Nc_Supercontig_12.2	2500000	2600000	0.1500
Nc_Supercontig_12.2	2600000	2700000	0.1669
Nc_Supercontig_12.2	2700000	2800000	0.1520
Nc_Supercontig_12.2	2800000	2900000	0.1450
Nc_Supercontig_12.2	2900000	3000000	0.0601
Nc_Supercontig_12.2	3000000	3100000	3.4719
Nc_Supercontig_12.2	3100000	3200000	0.1884
Nc_Supercontig_12.2	3200000	3300000	0.2255
Nc_Supercontig_12.2	3300000	3400000	0.0899
Nc_Supercontig_12.2	3400000	3500000	0.1701
Nc_Supercontig_12.2	3500000	3600000	0.2040
Nc_Supercontig_12.2	3600000	3700000	0.0053
Nc_Supercontig_12.2	3700000	3800000	0.1853
Nc_Supercontig_12.2	3800000	3900000	0.1291
Nc_Supercontig_12.2	3900000	4000000	0.0324
Nc_Supercontig_12.2	4000000	4100000	0.1009
Nc_Supercontig_12.2	4100000	4200000	0.0797
Nc_Supercontig_12.2	4200000	4300000	0.1570
Nc_Supercontig_12.2	4300000	4400000	0.0637
Nc_Supercontig_12.2	4400000	4478683	0.4988
Nc_Supercontig_12.20	0	1646	488.4617
Nc_Supercontig_12.3	0	100000	0.0790
Nc_Supercontig_12.3	100000	200000	0.0874
Nc_Supercontig_12.3	200000	300000	0.2194
Nc_Supercontig_12.3	300000	400000	0.2104
Nc_Supercontig_12.3	400000	500000	0.1144
Nc_Supercontig_12.3	500000	600000	0.0667
Nc_Supercontig_12.3	600000	700000	0.0990
Nc_Supercontig_12.3	700000	800000	0.0073
Nc_Supercontig_12.3	800000	900000	0.0078
Nc_Supercontig_12.3	900000	1000000	0.0608
Nc_Supercontig_12.3	1000000	1100000	0.0689
Nc_Supercontig_12.3	1100000	1200000	0.1526
Nc_Supercontig_12.3	1200000	1300000	0.0787
Nc_Supercontig_12.3	1300000	1400000	0.1762
Nc_Supercontig_12.3	1400000	1500000	0.0634
Nc_Supercontig_12.3	1500000	1600000	0.2220
Nc_Supercontig_12.3	1600000	1700000	0.1105
Nc_Supercontig_12.3	1700000	1800000	0.0867
Nc_Supercontig_12.3	1800000	1900000	0.0954
Nc_Supercontig_12.3	1900000	2000000	0.1249
Nc_Supercontig_12.3	2000000	2100000	0.1090
Nc_Supercontig_12.3	2100000	2200000	0.1704
Nc_Supercontig_12.3	2200000	2300000	0.0566
Nc_Supercontig_12.3	2300000	2400000	0.1762
Nc_Supercontig_12.3	2400000	2500000	0.1005
Nc_Supercontig_12.3	2500000	2600000	0.1186
Nc_Supercontig_12.3	2600000	2700000	0.0829
Nc_Supercontig_12.3	2700000	2800000	0.1482
Nc_Supercontig_12.3	2800000	2900000	0.0469
Nc_Supercontig_12.3	2900000	3000000	0.1774
Nc_Supercontig_12.3	3000000	3100000	0.1665
Nc_Supercontig_12.3	3100000	3200000	0.1283
Nc_Supercontig_12.3	3200000	3300000	0.1414
Nc_Supercontig_12.3	3300000	3400000	0.2318
Nc_Supercontig_12.3	3400000	3500000	0.0678
Nc_Supercontig_12.3	3500000	3600000	0.0755
Nc_Supercontig_12.3	3600000	3700000	0.1045
Nc_Supercontig_12.3	3700000	3800000	0.0772
Nc_Supercontig_12.3	3800000	3900000	0.1025
Nc_Supercontig_12.3	3900000	4000000	0.1303
Nc_Supercontig_12.3	4000000	4100000	0.0678
Nc_Supercontig_12.3	4100000	4200000	0.0907
Nc_Supercontig_12.3	4200000	4300000	0.0712
Nc_Supercontig_12.3	4300000	4400000	0.1620
Nc_Supercontig_12.3	4400000	4500000	0.2350
Nc_Supercontig_12.3	4500000	4600000	0.0944
Nc_Supercontig_12.3	4600000	4700000	0.5973
Nc_Supercontig_12.3	4700000	4800000	0.8822
Nc_Supercontig_12.3	4800000	4900000	0.4242
Nc_Supercontig_12.3	4900000	5000000	0.1605
Nc_Supercontig_12.3	5000000	5100000	0.3221
Nc_Supercontig_12.3	5100000	5200000	0.2223
Nc_Supercontig_12.3	5200000	5274802	0.1585
Nc_Supercontig_12.4	0	100000	0.0883
Nc_Supercontig_12.4	100000	200000	0.1521
Nc_Supercontig_12.4	200000	300000	0.2597
Nc_Supercontig_12.4	300000	400000	0.7786
Nc_Supercontig_12.4	400000	500000	0.1710
Nc_Supercontig_12.4	500000	600000	0.3196
Nc_Supercontig_12.4	600000	700000	0.4798
Nc_Supercontig_12.4	700000	800000	0.1399
Nc_Supercontig_12.4	800000	900000	0.0988
Nc_Supercontig_12.4	900000	1000000	0.0088
Nc_Supercontig_12.4	1000000	1100000	0.0364
Nc_Supercontig_12.4	1100000	1200000	0.0831
Nc_Supercontig_12.4	1200000	1300000	0.1712
Nc_Supercontig_12.4	1300000	1400000	0.1131
Nc_Supercontig_12.4	1400000	1500000	1.1355
Nc_Supercontig_12.4	1500000	1600000	0.2114
Nc_Supercontig_12.4	1600000	1700000	0.0978
Nc_Supercontig_12.4	1700000	1800000	0.1851
Nc_Supercontig_12.4	1800000	1900000	0.2386
Nc_Supercontig_12.4	1900000	2000000	0.0458
Nc_Supercontig_12.4	2000000	2100000	0.0585
Nc_Supercontig_12.4	2100000	2200000	0.2067
Nc_Supercontig_12.4	2200000	2300000	0.2260
Nc_Supercontig_12.4	2300000	2400000	0.0479
Nc_Supercontig_12.4	2400000	2500000	0.0990
Nc_Supercontig_12.4	2500000	2600000	0.1046
Nc_Supercontig_12.4	2600000	2700000	0.0739
Nc_Supercontig_12.4	2700000	2800000	0.1653
Nc_Supercontig_12.4	2800000	2900000	0.3247
Nc_Supercontig_12.4	2900000	3000000	0.0646
Nc_Supercontig_12.4	3000000	3100000	0.9836
Nc_Supercontig_12.4	3100000	3200000	0.1238
Nc_Supercontig_12.4	3200000	3300000	0.1501
Nc_Supercontig_12.4	3300000	3400000	0.0842
Nc_Supercontig_12.4	3400000	3500000	0.3279
Nc_Supercontig_12.4	3500000	3600000	0.2030
Nc_Supercontig_12.4	3600000	3700000	0.1740
Nc_Supercontig_12.4	3700000	3800000	0.1980
Nc_Supercontig_12.4	3800000	3900000	0.0792
Nc_Supercontig_12.4	3900000	4000000	0.1977
Nc_Supercontig_12.4	4000000	4100000	0.0527
Nc_Supercontig_12.4	4100000	4200000	1.2453
Nc_Supercontig_12.4	4200000	4300000	0.0186
Nc_Supercontig_12.4	4300000	4400000	1.0962
Nc_Supercontig_12.4	4400000	4500000	1.2039
Nc_Supercontig_12.4	4500000	4600000	0.0988
Nc_Supercontig_12.4	4600000	4700000	0.1072
Nc_Supercontig_12.4	4700000	4800000	0.3821
Nc_Supercontig_12.4	4800000	4900000	0.1068
Nc_Supercontig_12.4	4900000	5000000	0.1153
Nc_Supercontig_12.4	5000000	5100000	0.2540
Nc_Supercontig_12.4	5100000	5200000	0.5058
Nc_Supercontig_12.4	5200000	5300000	0.0526
Nc_Supercontig_12.4	5300000	5400000	1.0040
Nc_Supercontig_12.4	5400000	5500000	0.0658
Nc_Supercontig_12.4	5500000	5600000	0.1254
Nc_Supercontig_12.4	5600000	5700000	0.1188
Nc_Supercontig_12.4	5700000	5800000	0.2728
Nc_Supercontig_12.4	5800000	5900000	0.0849
Nc_Supercontig_12.4	5900000	6000000	0.0638
Nc_Supercontig_12.4	6000000	6000761	0.4363
Nc_Supercontig_12.5	0	100000	0.2894
Nc_Supercontig_12.5	100000	200000	0.0728
Nc_Supercontig_12.5	200000	300000	0.1076
Nc_Supercontig_12.5	300000	400000	0.2172
Nc_Supercontig_12.5	400000	500000	1.0666
Nc_Supercontig_12.5	500000	600000	0.0564
Nc_Supercontig_12.5	600000	700000	0.9787
Nc_Supercontig_12.5	700000	800000	0.1735
Nc_Supercontig_12.5	800000	900000	0.1474
Nc_Supercontig_12.5	900000	1000000	0.0074
Nc_Supercontig_12.5	1000000	1100000	0.0106
Nc_Supercontig_12.5	1100000	1200000	0.0084
Nc_Supercontig_12.5	1200000	1300000	0.1938
Nc_Supercontig_12.5	1300000	1400000	0.2434
Nc_Supercontig_12.5	1400000	1500000	0.0645
Nc_Supercontig_12.5	1500000	1600000	0.3962
Nc_Supercontig_12.5	1600000	1700000	0.0810
Nc_Supercontig_12.5	1700000	1800000	0.4044
Nc_Supercontig_12.5	1800000	1900000	0.1883
Nc_Supercontig_12.5	1900000	2000000	0.0944
Nc_Supercontig_12.5	2000000	2100000	0.1448
Nc_Supercontig_12.5	2100000	2200000	0.0731
Nc_Supercontig_12.5	2200000	2300000	0.0953
Nc_Supercontig_12.5	2300000	2400000	0.3172
Nc_Supercontig_12.5	2400000	2500000	0.1030
Nc_Supercontig_12.5	2500000	2600000	0.0787
Nc_Supercontig_12.5	2600000	2700000	0.1129
Nc_Supercontig_12.5	2700000	2800000	0.4854
Nc_Supercontig_12.5	2800000	2900000	0.6574
Nc_Supercontig_12.5	2900000	3000000	0.3473
Nc_Supercontig_12.5	3000000	3100000	0.0821
Nc_Supercontig_12.5	3100000	3200000	0.3358
Nc_Supercontig_12.5	3200000	3300000	0.3920
Nc_Supercontig_12.5	3300000	3400000	0.7649
Nc_Supercontig_12.5	3400000	3500000	0.0961
Nc_Supercontig_12.5	3500000	3600000	0.1066
Nc_Supercontig_12.5	3600000	3700000	0.1371
Nc_Supercontig_12.5	3700000	3800000	0.1215
Nc_Supercontig_12.5	3800000	3900000	0.3241
Nc_Supercontig_12.5	3900000	4000000	0.1311
Nc_Supercontig_12.5	4000000	4100000	0.2495
Nc_Supercontig_12.5	4100000	4200000	0.1016
Nc_Supercontig_12.5	4200000	4300000	0.1085
Nc_Supercontig_12.5	4300000	4400000	0.2140
Nc_Supercontig_12.5	4400000	4500000	0.0665
Nc_Supercontig_12.5	4500000	4600000	0.0656
Nc_Supercontig_12.5	4600000	4700000	0.1246
Nc_Supercontig_12.5	4700000	4800000	0.0964
Nc_Supercontig_12.5	4800000	4900000	0.0743
Nc_Supercontig_12.5	4900000	5000000	0.2281
Nc_Supercontig_12.5	5000000	5100000	0.0942
Nc_Supercontig_12.5	5100000	5200000	0.1027
Nc_Supercontig_12.5	5200000	5300000	0.0818
Nc_Supercontig_12.5	5300000	5400000	0.1212
Nc_Supercontig_12.5	5400000	5500000	0.1420
Nc_Supercontig_12.5	5500000	5600000	0.1008
Nc_Supercontig_12.5	5600000	5700000	0.0335
Nc_Supercontig_12.5	5700000	5800000	0.1590
Nc_Supercontig_12.5	5800000	5900000	0.2088
Nc_Supercontig_12.5	5900000	6000000	0.1364
Nc_Supercontig_12.5	6000000	6100000	0.0458
Nc_Supercontig_12.5	6100000	6200000	0.0453
Nc_Supercontig_12.5	6200000	6300000	0.2762
Nc_Supercontig_12.5	6300000	6400000	0.1253
Nc_Supercontig_12.5	6400000	6436246	0.3142
Nc_Supercontig_12.6	0	100000	0.1941
Nc_Supercontig_12.6	100000	200000	0.1129
Nc_Supercontig_12.6	200000	300000	0.2692
Nc_Supercontig_12.6	300000	400000	0.2335
Nc_Supercontig_12.6	400000	500000	0.3158
Nc_Supercontig_12.6	500000	600000	0.3180
Nc_Supercontig_12.6	600000	700000	0.8367
Nc_Supercontig_12.6	700000	800000	0.1297
Nc_Supercontig_12.6	800000	900000	0.0871
Nc_Supercontig_12.6	900000	1000000	0.0914
Nc_Supercontig_12.6	1000000	1100000	0.3088
Nc_Supercontig_12.6	1100000	1200000	0.3537
Nc_Supercontig_12.6	1200000	1300000	0.2140
Nc_Supercontig_12.6	1300000	1400000	0.0827
Nc_Supercontig_12.6	1400000	1500000	0.1030
Nc_Supercontig_12.6	1500000	1600000	0.2769
Nc_Supercontig_12.6	1600000	1700000	0.1270
Nc_Supercontig_12.6	1700000	1800000	0.1170
Nc_Supercontig_12.6	1800000	1900000	0.0748
Nc_Supercontig_12.6	1900000	2000000	0.0913
Nc_Supercontig_12.6	2000000	2100000	0.0998
Nc_Supercontig_12.6	2100000	2200000	0.1087
Nc_Supercontig_12.6	2200000	2300000	1.0565
Nc_Supercontig_12.6	2300000	2400000	0.0567
Nc_Supercontig_12.6	2400000	2500000	0.0800
Nc_Supercontig_12.6	2500000	2600000	0.1580
Nc_Supercontig_12.6	2600000	2700000	0.4045
Nc_Supercontig_12.6	2700000	2800000	0.0776
Nc_Supercontig_12.6	2800000	2900000	0.0052
Nc_Supercontig_12.6	2900000	3000000	0.0114
Nc_Supercontig_12.6	3000000	3100000	0.0143
Nc_Supercontig_12.6	3100000	3200000	0.2772
Nc_Supercontig_12.6	3200000	3300000	0.0931
Nc_Supercontig_12.6	3300000	3400000	0.0936
Nc_Supercontig_12.6	3400000	3500000	0.1716
Nc_Supercontig_12.6	3500000	3600000	0.1978
Nc_Supercontig_12.6	3600000	3700000	0.0653
Nc_Supercontig_12.6	3700000	3800000	0.1275
Nc_Supercontig_12.6	3800000	3900000	0.0807
Nc_Supercontig_12.6	3900000	4000000	1.1352
Nc_Supercontig_12.6	4000000	4100000	0.0702
Nc_Supercontig_12.6	4100000	4200000	0.0285
Nc_Supercontig_12.6	4200000	4218384	0.1197
Nc_Supercontig_12.7	0	100000	1.0233
Nc_Supercontig_12.7	100000	200000	0.1002
Nc_Supercontig_12.7	200000	300000	0.0695
Nc_Supercontig_12.7	300000	400000	0.1612
Nc_Supercontig_12.7	400000	500000	0.2247
Nc_Supercontig_12.7	500000	600000	0.0838
Nc_Supercontig_12.7	600000	700000	0.2918
Nc_Supercontig_12.7	700000	800000	0.1384
Nc_Supercontig_12.7	800000	900000	0.3470
Nc_Supercontig_12.7	900000	1000000	1.1411
Nc_Supercontig_12.7	1000000	1100000	0.0606
Nc_Supercontig_12.7	1100000	1200000	0.1005
Nc_Supercontig_12.7	1200000	1300000	0.1176
Nc_Supercontig_12.7	1300000	1400000	0.1868
Nc_Supercontig_12.7	1400000	1500000	0.1537
Nc_Supercontig_12.7	1500000	1600000	0.1538
Nc_Supercontig_12.7	1600000	1700000	1.0511
Nc_Supercontig_12.7	1700000	1800000	0.1986
Nc_Supercontig_12.7	1800000	1900000	0.0549
Nc_Supercontig_12.7	1900000	2000000	0.2454
Nc_Supercontig_12.7	2000000	2100000	0.0888
Nc_Supercontig_12.7	2100000	2200000	0.0308
Nc_Supercontig_12.7	2200000	2300000	0.0101
Nc_Supercontig_12.7	2300000	2400000	0.0096
Nc_Supercontig_12.7	2400000	2500000	0.0622
Nc_Supercontig_12.7	2500000	2600000	0.0849
Nc_Supercontig_12.7	2600000	2700000	0.3775
Nc_Supercontig_12.7	2700000	2800000	0.1206
Nc_Supercontig_12.7	2800000	2900000	0.2724
Nc_Supercontig_12.7	2900000	3000000	0.1304
Nc_Supercontig_12.7	3000000	3100000	0.1249
Nc_Supercontig_12.7	3100000	3200000	0.1271
Nc_Supercontig_12.7	3200000	3300000	0.0571
Nc_Supercontig_12.7	3300000	3400000	0.1625
Nc_Supercontig_12.7	3400000	3500000	0.0733
Nc_Supercontig_12.7	3500000	3600000	3.1991
Nc_Supercontig_12.7	3600000	3700000	0.0645
Nc_Supercontig_12.7	3700000	3800000	0.5619
Nc_Supercontig_12.7	3800000	3900000	0.1402
Nc_Supercontig_12.7	3900000	4000000	0.1774
Nc_Supercontig_12.7	4000000	4100000	0.1982
Nc_Supercontig_12.7	4100000	4200000	0.0907
Nc_Supercontig_12.7	4200000	4255303	0.1169
Nc_Supercontig_12.8	0	100000	111.8536
Nc_Supercontig_12.8	100000	192308	2.0064
Nc_Supercontig_12.9	0	100000	1.1731
Nc_Supercontig_12.9	100000	142473	1.5013
