Nc_Supercontig_12.1	0	100000	0.1104
Nc_Supercontig_12.1	100000	200000	0.3760
Nc_Supercontig_12.1	200000	300000	0.2828
Nc_Supercontig_12.1	300000	400000	0.7209
Nc_Supercontig_12.1	400000	500000	0.1339
Nc_Supercontig_12.1	500000	600000	0.2792
Nc_Supercontig_12.1	600000	700000	0.0506
Nc_Supercontig_12.1	700000	800000	0.6050
Nc_Supercontig_12.1	800000	900000	0.0582
Nc_Supercontig_12.1	900000	1000000	0.6286
Nc_Supercontig_12.1	1000000	1100000	0.0706
Nc_Supercontig_12.1	1100000	1200000	0.0528
Nc_Supercontig_12.1	1200000	1300000	0.0391
Nc_Supercontig_12.1	1300000	1400000	0.0366
Nc_Supercontig_12.1	1400000	1500000	0.0355
Nc_Supercontig_12.1	1500000	1600000	0.4046
Nc_Supercontig_12.1	1600000	1700000	0.0656
Nc_Supercontig_12.1	1700000	1800000	0.0824
Nc_Supercontig_12.1	1800000	1900000	0.1373
Nc_Supercontig_12.1	1900000	2000000	0.0390
Nc_Supercontig_12.1	2000000	2100000	0.1409
Nc_Supercontig_12.1	2100000	2200000	0.0533
Nc_Supercontig_12.1	2200000	2300000	1.5006
Nc_Supercontig_12.1	2300000	2400000	0.3263
Nc_Supercontig_12.1	2400000	2500000	0.1306
Nc_Supercontig_12.1	2500000	2600000	0.5975
Nc_Supercontig_12.1	2600000	2700000	0.0444
Nc_Supercontig_12.1	2700000	2800000	0.0473
Nc_Supercontig_12.1	2800000	2900000	0.0696
Nc_Supercontig_12.1	2900000	3000000	0.0763
Nc_Supercontig_12.1	3000000	3100000	0.0341
Nc_Supercontig_12.1	3100000	3200000	0.0583
Nc_Supercontig_12.1	3200000	3300000	0.0352
Nc_Supercontig_12.1	3300000	3400000	0.0556
Nc_Supercontig_12.1	3400000	3500000	0.0320
Nc_Supercontig_12.1	3500000	3600000	0.0347
Nc_Supercontig_12.1	3600000	3700000	0.0219
Nc_Supercontig_12.1	3700000	3800000	0.0257
Nc_Supercontig_12.1	3800000	3900000	0.0213
Nc_Supercontig_12.1	3900000	4000000	0.0216
Nc_Supercontig_12.1	4000000	4100000	0.0137
Nc_Supercontig_12.1	4100000	4200000	0.0403
Nc_Supercontig_12.1	4200000	4300000	0.0433
Nc_Supercontig_12.1	4300000	4400000	0.0300
Nc_Supercontig_12.1	4400000	4500000	0.1432
Nc_Supercontig_12.1	4500000	4600000	0.7142
Nc_Supercontig_12.1	4600000	4700000	0.0484
Nc_Supercontig_12.1	4700000	4800000	0.0471
Nc_Supercontig_12.1	4800000	4900000	0.0490
Nc_Supercontig_12.1	4900000	5000000	0.1552
Nc_Supercontig_12.1	5000000	5100000	0.0322
Nc_Supercontig_12.1	5100000	5200000	0.1028
Nc_Supercontig_12.1	5200000	5300000	0.0564
Nc_Supercontig_12.1	5300000	5400000	0.0380
Nc_Supercontig_12.1	5400000	5500000	0.0967
Nc_Supercontig_12.1	5500000	5600000	0.0481
Nc_Supercontig_12.1	5600000	5700000	1.5365
Nc_Supercontig_12.1	5700000	5800000	0.0621
Nc_Supercontig_12.1	5800000	5900000	0.8400
Nc_Supercontig_12.1	5900000	6000000	0.0234
Nc_Supercontig_12.1	6000000	6100000	0.0587
Nc_Supercontig_12.1	6100000	6200000	0.0695
Nc_Supercontig_12.1	6200000	6300000	0.0635
Nc_Supercontig_12.1	6300000	6400000	0.0833
Nc_Supercontig_12.1	6400000	6500000	1.5671
Nc_Supercontig_12.1	6500000	6600000	0.0805
Nc_Supercontig_12.1	6600000	6700000	0.0502
Nc_Supercontig_12.1	6700000	6800000	0.0500
Nc_Supercontig_12.1	6800000	6900000	1.4829
Nc_Supercontig_12.1	6900000	7000000	0.7236
Nc_Supercontig_12.1	7000000	7100000	0.0928
Nc_Supercontig_12.1	7100000	7200000	0.2134
Nc_Supercontig_12.1	7200000	7300000	0.1115
Nc_Supercontig_12.1	7300000	7400000	0.2093
Nc_Supercontig_12.1	7400000	7500000	0.0328
Nc_Supercontig_12.1	7500000	7600000	0.0762
Nc_Supercontig_12.1	7600000	7700000	0.0832
Nc_Supercontig_12.1	7700000	7800000	0.1071
Nc_Supercontig_12.1	7800000	7900000	0.0374
Nc_Supercontig_12.1	7900000	8000000	0.2159
Nc_Supercontig_12.1	8000000	8100000	0.0957
Nc_Supercontig_12.1	8100000	8200000	0.6455
Nc_Supercontig_12.1	8200000	8300000	0.0473
Nc_Supercontig_12.1	8300000	8400000	0.1035
Nc_Supercontig_12.1	8400000	8500000	0.0896
Nc_Supercontig_12.1	8500000	8600000	0.0892
Nc_Supercontig_12.1	8600000	8700000	1.8955
Nc_Supercontig_12.1	8700000	8800000	0.1582
Nc_Supercontig_12.1	8800000	8900000	0.5246
Nc_Supercontig_12.1	8900000	9000000	0.0779
Nc_Supercontig_12.1	9000000	9100000	0.0644
Nc_Supercontig_12.1	9100000	9200000	0.0694
Nc_Supercontig_12.1	9200000	9300000	0.0936
Nc_Supercontig_12.1	9300000	9400000	0.0642
Nc_Supercontig_12.1	9400000	9500000	0.1492
Nc_Supercontig_12.1	9500000	9600000	0.0896
Nc_Supercontig_12.1	9600000	9700000	0.0530
Nc_Supercontig_12.1	9700000	9798893	0.0639
Nc_Supercontig_12.10	0	100000	0.0086
Nc_Supercontig_12.10	100000	125404	0.0075
Nc_Supercontig_12.11	0	31696	0.0095
Nc_Supercontig_12.12	0	19714	0.3169
Nc_Supercontig_12.13	0	13515	0.0070
Nc_Supercontig_12.14	0	11565	0.0081
Nc_Supercontig_12.15	0	9397	0.1989
Nc_Supercontig_12.16	0	8983	0.4082
Nc_Supercontig_12.17	0	6701	0.0090
Nc_Supercontig_12.18	0	6309	0.4796
Nc_Supercontig_12.19	0	4755	0.2168
Nc_Supercontig_12.2	0	100000	0.1833
Nc_Supercontig_12.2	100000	200000	1.4983
Nc_Supercontig_12.2	200000	300000	0.0445
Nc_Supercontig_12.2	300000	400000	0.1360
Nc_Supercontig_12.2	400000	500000	0.3519
Nc_Supercontig_12.2	500000	600000	0.1935
Nc_Supercontig_12.2	600000	700000	0.0562
Nc_Supercontig_12.2	700000	800000	0.2172
Nc_Supercontig_12.2	800000	900000	0.0986
Nc_Supercontig_12.2	900000	1000000	1.6210
Nc_Supercontig_12.2	1000000	1100000	0.0365
Nc_Supercontig_12.2	1100000	1200000	0.1013
Nc_Supercontig_12.2	1200000	1300000	0.0194
Nc_Supercontig_12.2	1300000	1400000	0.0236
Nc_Supercontig_12.2	1400000	1500000	2.2807
Nc_Supercontig_12.2	1500000	1600000	1.2761
Nc_Supercontig_12.2	1600000	1700000	0.0416
Nc_Supercontig_12.2	1700000	1800000	0.0599
Nc_Supercontig_12.2	1800000	1900000	0.1963
Nc_Supercontig_12.2	1900000	2000000	0.0586
Nc_Supercontig_12.2	2000000	2100000	0.0750
Nc_Supercontig_12.2	2100000	2200000	0.0180
Nc_Supercontig_12.2	2200000	2300000	0.0995
Nc_Supercontig_12.2	2300000	2400000	0.0307
Nc_Supercontig_12.2	2400000	2500000	0.5382
Nc_Supercontig_12.2	2500000	2600000	0.0502
Nc_Supercontig_12.2	2600000	2700000	0.0537
Nc_Supercontig_12.2	2700000	2800000	0.0493
Nc_Supercontig_12.2	2800000	2900000	0.0505
Nc_Supercontig_12.2	2900000	3000000	0.0355
Nc_Supercontig_12.2	3000000	3100000	4.7747
Nc_Supercontig_12.2	3100000	3200000	0.1103
Nc_Supercontig_12.2	3200000	3300000	0.0699
Nc_Supercontig_12.2	3300000	3400000	0.0375
Nc_Supercontig_12.2	3400000	3500000	0.5411
Nc_Supercontig_12.2	3500000	3600000	0.2587
Nc_Supercontig_12.2	3600000	3700000	0.0095
Nc_Supercontig_12.2	3700000	3800000	0.1731
Nc_Supercontig_12.2	3800000	3900000	0.1072
Nc_Supercontig_12.2	3900000	4000000	0.0276
Nc_Supercontig_12.2	4000000	4100000	0.0731
Nc_Supercontig_12.2	4100000	4200000	0.4265
Nc_Supercontig_12.2	4200000	4300000	0.1698
Nc_Supercontig_12.2	4300000	4400000	0.0908
Nc_Supercontig_12.2	4400000	4478683	0.6874
Nc_Supercontig_12.20	0	1646	399.6962
Nc_Supercontig_12.3	0	100000	0.0786
Nc_Supercontig_12.3	100000	200000	0.4855
Nc_Supercontig_12.3	200000	300000	0.5674
Nc_Supercontig_12.3	300000	400000	0.1694
Nc_Supercontig_12.3	400000	500000	0.2935
Nc_Supercontig_12.3	500000	600000	0.1146
Nc_Supercontig_12.3	600000	700000	0.0490
Nc_Supercontig_12.3	700000	800000	0.0117
Nc_Supercontig_12.3	800000	900000	0.0149
Nc_Supercontig_12.3	900000	1000000	0.0762
Nc_Supercontig_12.3	1000000	1100000	0.0306
Nc_Supercontig_12.3	1100000	1200000	0.0864
Nc_Supercontig_12.3	1200000	1300000	0.0328
Nc_Supercontig_12.3	1300000	1400000	0.6499
Nc_Supercontig_12.3	1400000	1500000	0.0352
Nc_Supercontig_12.3	1500000	1600000	0.1017
Nc_Supercontig_12.3	1600000	1700000	0.0692
Nc_Supercontig_12.3	1700000	1800000	0.0446
Nc_Supercontig_12.3	1800000	1900000	0.0440
Nc_Supercontig_12.3	1900000	2000000	0.0498
Nc_Supercontig_12.3	2000000	2100000	0.0433
Nc_Supercontig_12.3	2100000	2200000	0.0624
Nc_Supercontig_12.3	2200000	2300000	0.0220
Nc_Supercontig_12.3	2300000	2400000	0.0939
Nc_Supercontig_12.3	2400000	2500000	0.0466
Nc_Supercontig_12.3	2500000	2600000	0.0866
Nc_Supercontig_12.3	2600000	2700000	0.0428
Nc_Supercontig_12.3	2700000	2800000	0.1138
Nc_Supercontig_12.3	2800000	2900000	0.0235
Nc_Supercontig_12.3	2900000	3000000	0.1322
Nc_Supercontig_12.3	3000000	3100000	0.1272
Nc_Supercontig_12.3	3100000	3200000	0.0401
Nc_Supercontig_12.3	3200000	3300000	0.1201
Nc_Supercontig_12.3	3300000	3400000	0.1137
Nc_Supercontig_12.3	3400000	3500000	0.0522
Nc_Supercontig_12.3	3500000	3600000	0.0571
Nc_Supercontig_12.3	3600000	3700000	0.0491
Nc_Supercontig_12.3	3700000	3800000	0.0338
Nc_Supercontig_12.3	3800000	3900000	0.0379
Nc_Supercontig_12.3	3900000	4000000	0.0567
Nc_Supercontig_12.3	4000000	4100000	0.0383
Nc_Supercontig_12.3	4100000	4200000	0.0478
Nc_Supercontig_12.3	4200000	4300000	0.0382
Nc_Supercontig_12.3	4300000	4400000	0.1821
Nc_Supercontig_12.3	4400000	4500000	0.5768
Nc_Supercontig_12.3	4500000	4600000	0.0651
Nc_Supercontig_12.3	4600000	4700000	2.1181
Nc_Supercontig_12.3	4700000	4800000	1.5818
Nc_Supercontig_12.3	4800000	4900000	0.7120
Nc_Supercontig_12.3	4900000	5000000	0.4421
Nc_Supercontig_12.3	5000000	5100000	0.3197
Nc_Supercontig_12.3	5100000	5200000	0.1908
Nc_Supercontig_12.3	5200000	5274802	0.1653
Nc_Supercontig_12.4	0	100000	0.0920
Nc_Supercontig_12.4	100000	200000	0.1990
Nc_Supercontig_12.4	200000	300000	1.2187
Nc_Supercontig_12.4	300000	400000	1.6413
Nc_Supercontig_12.4	400000	500000	1.4435
Nc_Supercontig_12.4	500000	600000	1.5559
Nc_Supercontig_12.4	600000	700000	1.1154
Nc_Supercontig_12.4	700000	800000	1.0416
Nc_Supercontig_12.4	800000	900000	0.1739
Nc_Supercontig_12.4	900000	1000000	0.0234
Nc_Supercontig_12.4	1000000	1100000	0.0553
Nc_Supercontig_12.4	1100000	1200000	0.0818
Nc_Supercontig_12.4	1200000	1300000	0.0446
Nc_Supercontig_12.4	1300000	1400000	0.0441
Nc_Supercontig_12.4	1400000	1500000	1.7100
Nc_Supercontig_12.4	1500000	1600000	0.7431
Nc_Supercontig_12.4	1600000	1700000	0.1203
Nc_Supercontig_12.4	1700000	1800000	0.3051
Nc_Supercontig_12.4	1800000	1900000	0.4078
Nc_Supercontig_12.4	1900000	2000000	0.0568
Nc_Supercontig_12.4	2000000	2100000	0.0239
Nc_Supercontig_12.4	2100000	2200000	0.0927
Nc_Supercontig_12.4	2200000	2300000	0.2863
Nc_Supercontig_12.4	2300000	2400000	0.0380
Nc_Supercontig_12.4	2400000	2500000	0.0316
Nc_Supercontig_12.4	2500000	2600000	0.0551
Nc_Supercontig_12.4	2600000	2700000	0.0364
Nc_Supercontig_12.4	2700000	2800000	0.1334
Nc_Supercontig_12.4	2800000	2900000	0.3336
Nc_Supercontig_12.4	2900000	3000000	0.0371
Nc_Supercontig_12.4	3000000	3100000	1.6634
Nc_Supercontig_12.4	3100000	3200000	0.0511
Nc_Supercontig_12.4	3200000	3300000	0.1154
Nc_Supercontig_12.4	3300000	3400000	0.0576
Nc_Supercontig_12.4	3400000	3500000	0.3587
Nc_Supercontig_12.4	3500000	3600000	0.0751
Nc_Supercontig_12.4	3600000	3700000	0.0870
Nc_Supercontig_12.4	3700000	3800000	0.0656
Nc_Supercontig_12.4	3800000	3900000	0.0652
Nc_Supercontig_12.4	3900000	4000000	0.1359
Nc_Supercontig_12.4	4000000	4100000	0.0281
Nc_Supercontig_12.4	4100000	4200000	2.1900
Nc_Supercontig_12.4	4200000	4300000	0.1195
Nc_Supercontig_12.4	4300000	4400000	1.6287
Nc_Supercontig_12.4	4400000	4500000	1.8445
Nc_Supercontig_12.4	4500000	4600000	0.0394
Nc_Supercontig_12.4	4600000	4700000	0.0722
Nc_Supercontig_12.4	4700000	4800000	0.3871
Nc_Supercontig_12.4	4800000	4900000	0.0740
Nc_Supercontig_12.4	4900000	5000000	0.0638
Nc_Supercontig_12.4	5000000	5100000	2.0596
Nc_Supercontig_12.4	5100000	5200000	0.7929
Nc_Supercontig_12.4	5200000	5300000	0.0435
Nc_Supercontig_12.4	5300000	5400000	1.6376
Nc_Supercontig_12.4	5400000	5500000	0.0469
Nc_Supercontig_12.4	5500000	5600000	0.0536
Nc_Supercontig_12.4	5600000	5700000	0.0767
Nc_Supercontig_12.4	5700000	5800000	0.1802
Nc_Supercontig_12.4	5800000	5900000	0.4462
Nc_Supercontig_12.4	5900000	6000000	0.1355
Nc_Supercontig_12.4	6000000	6000761	0.4993
Nc_Supercontig_12.5	0	100000	0.2467
Nc_Supercontig_12.5	100000	200000	0.2736
Nc_Supercontig_12.5	200000	300000	0.7773
Nc_Supercontig_12.5	300000	400000	0.9528
Nc_Supercontig_12.5	400000	500000	1.8324
Nc_Supercontig_12.5	500000	600000	0.4603
Nc_Supercontig_12.5	600000	700000	1.6658
Nc_Supercontig_12.5	700000	800000	0.2370
Nc_Supercontig_12.5	800000	900000	0.1060
Nc_Supercontig_12.5	900000	1000000	0.0137
Nc_Supercontig_12.5	1000000	1100000	0.0301
Nc_Supercontig_12.5	1100000	1200000	0.0168
Nc_Supercontig_12.5	1200000	1300000	0.1099
Nc_Supercontig_12.5	1300000	1400000	0.1282
Nc_Supercontig_12.5	1400000	1500000	0.0804
Nc_Supercontig_12.5	1500000	1600000	0.3040
Nc_Supercontig_12.5	1600000	1700000	0.0943
Nc_Supercontig_12.5	1700000	1800000	0.2417
Nc_Supercontig_12.5	1800000	1900000	0.0748
Nc_Supercontig_12.5	1900000	2000000	0.0387
Nc_Supercontig_12.5	2000000	2100000	0.0445
Nc_Supercontig_12.5	2100000	2200000	0.0432
Nc_Supercontig_12.5	2200000	2300000	0.0421
Nc_Supercontig_12.5	2300000	2400000	0.0936
Nc_Supercontig_12.5	2400000	2500000	0.0379
Nc_Supercontig_12.5	2500000	2600000	0.0558
Nc_Supercontig_12.5	2600000	2700000	0.1052
Nc_Supercontig_12.5	2700000	2800000	0.6033
Nc_Supercontig_12.5	2800000	2900000	0.8593
Nc_Supercontig_12.5	2900000	3000000	0.5306
Nc_Supercontig_12.5	3000000	3100000	0.0843
Nc_Supercontig_12.5	3100000	3200000	0.3226
Nc_Supercontig_12.5	3200000	3300000	0.4013
Nc_Supercontig_12.5	3300000	3400000	0.2760
Nc_Supercontig_12.5	3400000	3500000	0.1120
Nc_Supercontig_12.5	3500000	3600000	0.0616
Nc_Supercontig_12.5	3600000	3700000	0.0867
Nc_Supercontig_12.5	3700000	3800000	0.0343
Nc_Supercontig_12.5	3800000	3900000	0.3629
Nc_Supercontig_12.5	3900000	4000000	0.0808
Nc_Supercontig_12.5	4000000	4100000	0.0781
Nc_Supercontig_12.5	4100000	4200000	0.0552
Nc_Supercontig_12.5	4200000	4300000	0.0368
Nc_Supercontig_12.5	4300000	4400000	0.2209
Nc_Supercontig_12.5	4400000	4500000	0.0529
Nc_Supercontig_12.5	4500000	4600000	0.0407
Nc_Supercontig_12.5	4600000	4700000	0.0941
Nc_Supercontig_12.5	4700000	4800000	0.0361
Nc_Supercontig_12.5	4800000	4900000	0.0434
Nc_Supercontig_12.5	4900000	5000000	0.2153
Nc_Supercontig_12.5	5000000	5100000	0.0457
Nc_Supercontig_12.5	5100000	5200000	0.0621
Nc_Supercontig_12.5	5200000	5300000	0.0412
Nc_Supercontig_12.5	5300000	5400000	0.0383
Nc_Supercontig_12.5	5400000	5500000	0.0449
Nc_Supercontig_12.5	5500000	5600000	0.0785
Nc_Supercontig_12.5	5600000	5700000	0.0230
Nc_Supercontig_12.5	5700000	5800000	0.1200
Nc_Supercontig_12.5	5800000	5900000	0.2063
Nc_Supercontig_12.5	5900000	6000000	0.2015
Nc_Supercontig_12.5	6000000	6100000	0.3012
Nc_Supercontig_12.5	6100000	6200000	0.1781
Nc_Supercontig_12.5	6200000	6300000	0.7380
Nc_Supercontig_12.5	6300000	6400000	0.1371
Nc_Supercontig_12.5	6400000	6436246	2.4777
Nc_Supercontig_12.6	0	100000	0.2038
Nc_Supercontig_12.6	100000	200000	0.0666
Nc_Supercontig_12.6	200000	300000	1.8611
Nc_Supercontig_12.6	300000	400000	0.7334
Nc_Supercontig_12.6	400000	500000	2.4067
Nc_Supercontig_12.6	500000	600000	0.3459
Nc_Supercontig_12.6	600000	700000	0.8270
Nc_Supercontig_12.6	700000	800000	0.1055
Nc_Supercontig_12.6	800000	900000	0.1141
Nc_Supercontig_12.6	900000	1000000	0.0532
Nc_Supercontig_12.6	1000000	1100000	0.3689
Nc_Supercontig_12.6	1100000	1200000	0.3885
Nc_Supercontig_12.6	1200000	1300000	0.1383
Nc_Supercontig_12.6	1300000	1400000	0.2384
Nc_Supercontig_12.6	1400000	1500000	0.1469
Nc_Supercontig_12.6	1500000	1600000	0.3542
Nc_Supercontig_12.6	1600000	1700000	0.3081
Nc_Supercontig_12.6	1700000	1800000	0.3292
Nc_Supercontig_12.6	1800000	1900000	0.0435
Nc_Supercontig_12.6	1900000	2000000	0.1160
Nc_Supercontig_12.6	2000000	2100000	0.0367
Nc_Supercontig_12.6	2100000	2200000	0.0686
Nc_Supercontig_12.6	2200000	2300000	1.6101
Nc_Supercontig_12.6	2300000	2400000	0.0346
Nc_Supercontig_12.6	2400000	2500000	0.0332
Nc_Supercontig_12.6	2500000	2600000	0.1273
Nc_Supercontig_12.6	2600000	2700000	0.4135
Nc_Supercontig_12.6	2700000	2800000	0.0426
Nc_Supercontig_12.6	2800000	2900000	0.0081
Nc_Supercontig_12.6	2900000	3000000	0.0186
Nc_Supercontig_12.6	3000000	3100000	0.0195
Nc_Supercontig_12.6	3100000	3200000	0.1423
Nc_Supercontig_12.6	3200000	3300000	0.0831
Nc_Supercontig_12.6	3300000	3400000	0.0915
Nc_Supercontig_12.6	3400000	3500000	0.2505
Nc_Supercontig_12.6	3500000	3600000	0.1511
Nc_Supercontig_12.6	3600000	3700000	0.1104
Nc_Supercontig_12.6	3700000	3800000	0.2436
Nc_Supercontig_12.6	3800000	3900000	0.0841
Nc_Supercontig_12.6	3900000	4000000	1.8095
Nc_Supercontig_12.6	4000000	4100000	0.2113
Nc_Supercontig_12.6	4100000	4200000	0.0411
Nc_Supercontig_12.6	4200000	4218384	0.1547
Nc_Supercontig_12.7	0	100000	1.5895
Nc_Supercontig_12.7	100000	200000	0.1496
Nc_Supercontig_12.7	200000	300000	0.3681
Nc_Supercontig_12.7	300000	400000	0.1822
Nc_Supercontig_12.7	400000	500000	0.2040
Nc_Supercontig_12.7	500000	600000	0.0681
Nc_Supercontig_12.7	600000	700000	0.9823
Nc_Supercontig_12.7	700000	800000	0.1386
Nc_Supercontig_12.7	800000	900000	0.4424
Nc_Supercontig_12.7	900000	1000000	2.2722
Nc_Supercontig_12.7	1000000	1100000	0.0502
Nc_Supercontig_12.7	1100000	1200000	0.0334
Nc_Supercontig_12.7	1200000	1300000	0.0956
Nc_Supercontig_12.7	1300000	1400000	0.3996
Nc_Supercontig_12.7	1400000	1500000	0.0979
Nc_Supercontig_12.7	1500000	1600000	0.0860
Nc_Supercontig_12.7	1600000	1700000	1.6565
Nc_Supercontig_12.7	1700000	1800000	0.2403
Nc_Supercontig_12.7	1800000	1900000	0.0357
Nc_Supercontig_12.7	1900000	2000000	0.3261
Nc_Supercontig_12.7	2000000	2100000	0.0791
Nc_Supercontig_12.7	2100000	2200000	0.0259
Nc_Supercontig_12.7	2200000	2300000	0.0236
Nc_Supercontig_12.7	2300000	2400000	0.0199
Nc_Supercontig_12.7	2400000	2500000	0.0293
Nc_Supercontig_12.7	2500000	2600000	0.0452
Nc_Supercontig_12.7	2600000	2700000	0.5430
Nc_Supercontig_12.7	2700000	2800000	0.0646
Nc_Supercontig_12.7	2800000	2900000	0.3592
Nc_Supercontig_12.7	2900000	3000000	0.2428
Nc_Supercontig_12.7	3000000	3100000	0.0469
Nc_Supercontig_12.7	3100000	3200000	0.0529
Nc_Supercontig_12.7	3200000	3300000	0.0361
Nc_Supercontig_12.7	3300000	3400000	0.1513
Nc_Supercontig_12.7	3400000	3500000	0.0761
Nc_Supercontig_12.7	3500000	3600000	4.4471
Nc_Supercontig_12.7	3600000	3700000	0.0583
Nc_Supercontig_12.7	3700000	3800000	0.1619
Nc_Supercontig_12.7	3800000	3900000	0.0824
Nc_Supercontig_12.7	3900000	4000000	0.1446
Nc_Supercontig_12.7	4000000	4100000	0.4849
Nc_Supercontig_12.7	4100000	4200000	0.0444
Nc_Supercontig_12.7	4200000	4255303	0.1279
Nc_Supercontig_12.8	0	100000	88.7392
Nc_Supercontig_12.8	100000	192308	1.5445
Nc_Supercontig_12.9	0	100000	0.9698
Nc_Supercontig_12.9	100000	142473	1.5216
