Nc_Supercontig_12.1	0	100000	0.0858
Nc_Supercontig_12.1	100000	200000	0.2234
Nc_Supercontig_12.1	200000	300000	0.0213
Nc_Supercontig_12.1	300000	400000	0.2079
Nc_Supercontig_12.1	400000	500000	0.2583
Nc_Supercontig_12.1	500000	600000	0.0296
Nc_Supercontig_12.1	600000	700000	0.0514
Nc_Supercontig_12.1	700000	800000	0.0716
Nc_Supercontig_12.1	800000	900000	0.0442
Nc_Supercontig_12.1	900000	1000000	1.2243
Nc_Supercontig_12.1	1000000	1100000	0.0605
Nc_Supercontig_12.1	1100000	1200000	0.1034
Nc_Supercontig_12.1	1200000	1300000	0.0489
Nc_Supercontig_12.1	1300000	1400000	0.0306
Nc_Supercontig_12.1	1400000	1500000	0.0399
Nc_Supercontig_12.1	1500000	1600000	0.6876
Nc_Supercontig_12.1	1600000	1700000	0.0843
Nc_Supercontig_12.1	1700000	1800000	0.1423
Nc_Supercontig_12.1	1800000	1900000	0.1731
Nc_Supercontig_12.1	1900000	2000000	0.0403
Nc_Supercontig_12.1	2000000	2100000	0.1796
Nc_Supercontig_12.1	2100000	2200000	0.0654
Nc_Supercontig_12.1	2200000	2300000	2.7926
Nc_Supercontig_12.1	2300000	2400000	0.5554
Nc_Supercontig_12.1	2400000	2500000	0.3984
Nc_Supercontig_12.1	2500000	2600000	0.7877
Nc_Supercontig_12.1	2600000	2700000	0.0530
Nc_Supercontig_12.1	2700000	2800000	0.0639
Nc_Supercontig_12.1	2800000	2900000	0.1546
Nc_Supercontig_12.1	2900000	3000000	0.1027
Nc_Supercontig_12.1	3000000	3100000	0.0434
Nc_Supercontig_12.1	3100000	3200000	0.0953
Nc_Supercontig_12.1	3200000	3300000	0.0459
Nc_Supercontig_12.1	3300000	3400000	0.0603
Nc_Supercontig_12.1	3400000	3500000	0.0466
Nc_Supercontig_12.1	3500000	3600000	0.0369
Nc_Supercontig_12.1	3600000	3700000	0.0183
Nc_Supercontig_12.1	3700000	3800000	0.0210
Nc_Supercontig_12.1	3800000	3900000	0.0076
Nc_Supercontig_12.1	3900000	4000000	0.0171
Nc_Supercontig_12.1	4000000	4100000	0.0102
Nc_Supercontig_12.1	4100000	4200000	0.0522
Nc_Supercontig_12.1	4200000	4300000	0.0626
Nc_Supercontig_12.1	4300000	4400000	0.0289
Nc_Supercontig_12.1	4400000	4500000	0.1813
Nc_Supercontig_12.1	4500000	4600000	0.4300
Nc_Supercontig_12.1	4600000	4700000	0.0727
Nc_Supercontig_12.1	4700000	4800000	0.0613
Nc_Supercontig_12.1	4800000	4900000	0.0688
Nc_Supercontig_12.1	4900000	5000000	0.2721
Nc_Supercontig_12.1	5000000	5100000	0.0318
Nc_Supercontig_12.1	5100000	5200000	0.1645
Nc_Supercontig_12.1	5200000	5300000	0.1242
Nc_Supercontig_12.1	5300000	5400000	0.0462
Nc_Supercontig_12.1	5400000	5500000	0.1689
Nc_Supercontig_12.1	5500000	5600000	0.0621
Nc_Supercontig_12.1	5600000	5700000	2.7866
Nc_Supercontig_12.1	5700000	5800000	0.0681
Nc_Supercontig_12.1	5800000	5900000	0.4585
Nc_Supercontig_12.1	5900000	6000000	0.0368
Nc_Supercontig_12.1	6000000	6100000	0.0787
Nc_Supercontig_12.1	6100000	6200000	0.0545
Nc_Supercontig_12.1	6200000	6300000	0.0713
Nc_Supercontig_12.1	6300000	6400000	0.1683
Nc_Supercontig_12.1	6400000	6500000	2.8119
Nc_Supercontig_12.1	6500000	6600000	0.1196
Nc_Supercontig_12.1	6600000	6700000	0.0543
Nc_Supercontig_12.1	6700000	6800000	0.1287
Nc_Supercontig_12.1	6800000	6900000	2.7323
Nc_Supercontig_12.1	6900000	7000000	0.7417
Nc_Supercontig_12.1	7000000	7100000	0.0896
Nc_Supercontig_12.1	7100000	7200000	0.4282
Nc_Supercontig_12.1	7200000	7300000	0.0266
Nc_Supercontig_12.1	7300000	7400000	0.0533
Nc_Supercontig_12.1	7400000	7500000	0.0390
Nc_Supercontig_12.1	7500000	7600000	0.1576
Nc_Supercontig_12.1	7600000	7700000	0.1458
Nc_Supercontig_12.1	7700000	7800000	0.0474
Nc_Supercontig_12.1	7800000	7900000	0.0413
Nc_Supercontig_12.1	7900000	8000000	0.2495
Nc_Supercontig_12.1	8000000	8100000	0.0753
Nc_Supercontig_12.1	8100000	8200000	0.5569
Nc_Supercontig_12.1	8200000	8300000	0.0647
Nc_Supercontig_12.1	8300000	8400000	0.1742
Nc_Supercontig_12.1	8400000	8500000	0.1448
Nc_Supercontig_12.1	8500000	8600000	0.0672
Nc_Supercontig_12.1	8600000	8700000	2.9003
Nc_Supercontig_12.1	8700000	8800000	0.1405
Nc_Supercontig_12.1	8800000	8900000	0.1266
Nc_Supercontig_12.1	8900000	9000000	0.1043
Nc_Supercontig_12.1	9000000	9100000	0.0819
Nc_Supercontig_12.1	9100000	9200000	0.1111
Nc_Supercontig_12.1	9200000	9300000	0.0587
Nc_Supercontig_12.1	9300000	9400000	0.0678
Nc_Supercontig_12.1	9400000	9500000	0.0800
Nc_Supercontig_12.1	9500000	9600000	0.1998
Nc_Supercontig_12.1	9600000	9700000	0.0496
Nc_Supercontig_12.1	9700000	9798893	0.0426
Nc_Supercontig_12.10	0	100000	0.0065
Nc_Supercontig_12.10	100000	125404	0.0054
Nc_Supercontig_12.11	0	31696	0.0062
Nc_Supercontig_12.12	0	19714	0.2979
Nc_Supercontig_12.13	0	13515	0.0064
Nc_Supercontig_12.14	0	11565	0.0036
Nc_Supercontig_12.15	0	9397	0.1606
Nc_Supercontig_12.16	0	8983	0.3291
Nc_Supercontig_12.17	0	6701	0.0043
Nc_Supercontig_12.18	0	6309	0.4359
Nc_Supercontig_12.19	0	4755	0.1853
Nc_Supercontig_12.2	0	100000	0.0737
Nc_Supercontig_12.2	100000	200000	0.0319
Nc_Supercontig_12.2	200000	300000	0.0548
Nc_Supercontig_12.2	300000	400000	0.0578
Nc_Supercontig_12.2	400000	500000	0.3133
Nc_Supercontig_12.2	500000	600000	0.0622
Nc_Supercontig_12.2	600000	700000	0.0446
Nc_Supercontig_12.2	700000	800000	0.3025
Nc_Supercontig_12.2	800000	900000	0.0859
Nc_Supercontig_12.2	900000	1000000	2.9705
Nc_Supercontig_12.2	1000000	1100000	0.0393
Nc_Supercontig_12.2	1100000	1200000	0.0067
Nc_Supercontig_12.2	1200000	1300000	0.0065
Nc_Supercontig_12.2	1300000	1400000	0.0163
Nc_Supercontig_12.2	1400000	1500000	2.7180
Nc_Supercontig_12.2	1500000	1600000	0.7844
Nc_Supercontig_12.2	1600000	1700000	0.0365
Nc_Supercontig_12.2	1700000	1800000	0.0751
Nc_Supercontig_12.2	1800000	1900000	0.2041
Nc_Supercontig_12.2	1900000	2000000	0.0656
Nc_Supercontig_12.2	2000000	2100000	0.1014
Nc_Supercontig_12.2	2100000	2200000	0.0211
Nc_Supercontig_12.2	2200000	2300000	0.0804
Nc_Supercontig_12.2	2300000	2400000	0.0311
Nc_Supercontig_12.2	2400000	2500000	1.0972
Nc_Supercontig_12.2	2500000	2600000	0.0757
Nc_Supercontig_12.2	2600000	2700000	0.0486
Nc_Supercontig_12.2	2700000	2800000	0.0758
Nc_Supercontig_12.2	2800000	2900000	0.0693
Nc_Supercontig_12.2	2900000	3000000	0.0316
Nc_Supercontig_12.2	3000000	3100000	3.8749
Nc_Supercontig_12.2	3100000	3200000	0.2292
Nc_Supercontig_12.2	3200000	3300000	0.1351
Nc_Supercontig_12.2	3300000	3400000	0.0546
Nc_Supercontig_12.2	3400000	3500000	0.0901
Nc_Supercontig_12.2	3500000	3600000	0.4144
Nc_Supercontig_12.2	3600000	3700000	0.0040
Nc_Supercontig_12.2	3700000	3800000	0.2964
Nc_Supercontig_12.2	3800000	3900000	0.1693
Nc_Supercontig_12.2	3900000	4000000	0.0278
Nc_Supercontig_12.2	4000000	4100000	0.0614
Nc_Supercontig_12.2	4100000	4200000	0.0490
Nc_Supercontig_12.2	4200000	4300000	0.4424
Nc_Supercontig_12.2	4300000	4400000	0.0495
Nc_Supercontig_12.2	4400000	4478683	1.1476
Nc_Supercontig_12.20	0	1646	311.7066
Nc_Supercontig_12.3	0	100000	0.0648
Nc_Supercontig_12.3	100000	200000	0.0419
Nc_Supercontig_12.3	200000	300000	0.4072
Nc_Supercontig_12.3	300000	400000	0.1767
Nc_Supercontig_12.3	400000	500000	0.0171
Nc_Supercontig_12.3	500000	600000	0.0310
Nc_Supercontig_12.3	600000	700000	0.0456
Nc_Supercontig_12.3	700000	800000	0.0066
Nc_Supercontig_12.3	800000	900000	0.0067
Nc_Supercontig_12.3	900000	1000000	0.0820
Nc_Supercontig_12.3	1000000	1100000	0.0340
Nc_Supercontig_12.3	1100000	1200000	0.1206
Nc_Supercontig_12.3	1200000	1300000	0.0355
Nc_Supercontig_12.3	1300000	1400000	0.2948
Nc_Supercontig_12.3	1400000	1500000	0.0408
Nc_Supercontig_12.3	1500000	1600000	0.1175
Nc_Supercontig_12.3	1600000	1700000	0.1298
Nc_Supercontig_12.3	1700000	1800000	0.0481
Nc_Supercontig_12.3	1800000	1900000	0.0598
Nc_Supercontig_12.3	1900000	2000000	0.0742
Nc_Supercontig_12.3	2000000	2100000	0.0607
Nc_Supercontig_12.3	2100000	2200000	0.1142
Nc_Supercontig_12.3	2200000	2300000	0.0211
Nc_Supercontig_12.3	2300000	2400000	0.0557
Nc_Supercontig_12.3	2400000	2500000	0.0485
Nc_Supercontig_12.3	2500000	2600000	0.1212
Nc_Supercontig_12.3	2600000	2700000	0.0537
Nc_Supercontig_12.3	2700000	2800000	0.1429
Nc_Supercontig_12.3	2800000	2900000	0.0285
Nc_Supercontig_12.3	2900000	3000000	0.2519
Nc_Supercontig_12.3	3000000	3100000	0.3579
Nc_Supercontig_12.3	3100000	3200000	0.0459
Nc_Supercontig_12.3	3200000	3300000	0.1378
Nc_Supercontig_12.3	3300000	3400000	0.1420
Nc_Supercontig_12.3	3400000	3500000	0.0438
Nc_Supercontig_12.3	3500000	3600000	0.0535
Nc_Supercontig_12.3	3600000	3700000	0.0561
Nc_Supercontig_12.3	3700000	3800000	0.0467
Nc_Supercontig_12.3	3800000	3900000	0.0539
Nc_Supercontig_12.3	3900000	4000000	0.0960
Nc_Supercontig_12.3	4000000	4100000	0.0508
Nc_Supercontig_12.3	4100000	4200000	0.0470
Nc_Supercontig_12.3	4200000	4300000	0.0499
Nc_Supercontig_12.3	4300000	4400000	0.2667
Nc_Supercontig_12.3	4400000	4500000	0.3834
Nc_Supercontig_12.3	4500000	4600000	0.0420
Nc_Supercontig_12.3	4600000	4700000	0.2448
Nc_Supercontig_12.3	4700000	4800000	0.0493
Nc_Supercontig_12.3	4800000	4900000	0.0232
Nc_Supercontig_12.3	4900000	5000000	0.1860
Nc_Supercontig_12.3	5000000	5100000	0.0604
Nc_Supercontig_12.3	5100000	5200000	0.1767
Nc_Supercontig_12.3	5200000	5274802	0.1011
Nc_Supercontig_12.4	0	100000	0.0673
Nc_Supercontig_12.4	100000	200000	0.0197
Nc_Supercontig_12.4	200000	300000	0.0412
Nc_Supercontig_12.4	300000	400000	0.0111
Nc_Supercontig_12.4	400000	500000	0.0365
Nc_Supercontig_12.4	500000	600000	0.0272
Nc_Supercontig_12.4	600000	700000	0.0985
Nc_Supercontig_12.4	700000	800000	0.0874
Nc_Supercontig_12.4	800000	900000	0.0628
Nc_Supercontig_12.4	900000	1000000	0.0072
Nc_Supercontig_12.4	1000000	1100000	0.0716
Nc_Supercontig_12.4	1100000	1200000	0.0669
Nc_Supercontig_12.4	1200000	1300000	0.0514
Nc_Supercontig_12.4	1300000	1400000	0.0527
Nc_Supercontig_12.4	1400000	1500000	2.9174
Nc_Supercontig_12.4	1500000	1600000	0.4276
Nc_Supercontig_12.4	1600000	1700000	0.0732
Nc_Supercontig_12.4	1700000	1800000	0.0706
Nc_Supercontig_12.4	1800000	1900000	0.7133
Nc_Supercontig_12.4	1900000	2000000	0.0952
Nc_Supercontig_12.4	2000000	2100000	0.0296
Nc_Supercontig_12.4	2100000	2200000	0.2396
Nc_Supercontig_12.4	2200000	2300000	0.4558
Nc_Supercontig_12.4	2300000	2400000	0.0325
Nc_Supercontig_12.4	2400000	2500000	0.0398
Nc_Supercontig_12.4	2500000	2600000	0.0855
Nc_Supercontig_12.4	2600000	2700000	0.0485
Nc_Supercontig_12.4	2700000	2800000	0.2324
Nc_Supercontig_12.4	2800000	2900000	0.6051
Nc_Supercontig_12.4	2900000	3000000	0.0373
Nc_Supercontig_12.4	3000000	3100000	2.7395
Nc_Supercontig_12.4	3100000	3200000	0.0720
Nc_Supercontig_12.4	3200000	3300000	0.1880
Nc_Supercontig_12.4	3300000	3400000	0.0583
Nc_Supercontig_12.4	3400000	3500000	0.0631
Nc_Supercontig_12.4	3500000	3600000	0.0757
Nc_Supercontig_12.4	3600000	3700000	0.0706
Nc_Supercontig_12.4	3700000	3800000	0.0328
Nc_Supercontig_12.4	3800000	3900000	0.0549
Nc_Supercontig_12.4	3900000	4000000	0.2487
Nc_Supercontig_12.4	4000000	4100000	0.0249
Nc_Supercontig_12.4	4100000	4200000	3.8815
Nc_Supercontig_12.4	4200000	4300000	0.0087
Nc_Supercontig_12.4	4300000	4400000	3.0181
Nc_Supercontig_12.4	4400000	4500000	3.8961
Nc_Supercontig_12.4	4500000	4600000	0.0470
Nc_Supercontig_12.4	4600000	4700000	0.0627
Nc_Supercontig_12.4	4700000	4800000	0.8215
Nc_Supercontig_12.4	4800000	4900000	0.1296
Nc_Supercontig_12.4	4900000	5000000	0.0904
Nc_Supercontig_12.4	5000000	5100000	0.2014
Nc_Supercontig_12.4	5100000	5200000	1.0201
Nc_Supercontig_12.4	5200000	5300000	0.0328
Nc_Supercontig_12.4	5300000	5400000	2.8769
Nc_Supercontig_12.4	5400000	5500000	0.0673
Nc_Supercontig_12.4	5500000	5600000	0.0741
Nc_Supercontig_12.4	5600000	5700000	0.0860
Nc_Supercontig_12.4	5700000	5800000	0.2790
Nc_Supercontig_12.4	5800000	5900000	0.0467
Nc_Supercontig_12.4	5900000	6000000	0.0431
Nc_Supercontig_12.4	6000000	6000761	0.2733
Nc_Supercontig_12.5	0	100000	0.1450
Nc_Supercontig_12.5	100000	200000	0.0646
Nc_Supercontig_12.5	200000	300000	0.0317
Nc_Supercontig_12.5	300000	400000	0.2539
Nc_Supercontig_12.5	400000	500000	2.8421
Nc_Supercontig_12.5	500000	600000	0.0238
Nc_Supercontig_12.5	600000	700000	2.8084
Nc_Supercontig_12.5	700000	800000	0.1787
Nc_Supercontig_12.5	800000	900000	0.1162
Nc_Supercontig_12.5	900000	1000000	0.0060
Nc_Supercontig_12.5	1000000	1100000	0.0071
Nc_Supercontig_12.5	1100000	1200000	0.0064
Nc_Supercontig_12.5	1200000	1300000	0.0905
Nc_Supercontig_12.5	1300000	1400000	0.2102
Nc_Supercontig_12.5	1400000	1500000	0.0753
Nc_Supercontig_12.5	1500000	1600000	0.2504
Nc_Supercontig_12.5	1600000	1700000	0.0616
Nc_Supercontig_12.5	1700000	1800000	0.1758
Nc_Supercontig_12.5	1800000	1900000	0.1265
Nc_Supercontig_12.5	1900000	2000000	0.0379
Nc_Supercontig_12.5	2000000	2100000	0.0574
Nc_Supercontig_12.5	2100000	2200000	0.0492
Nc_Supercontig_12.5	2200000	2300000	0.0886
Nc_Supercontig_12.5	2300000	2400000	0.2306
Nc_Supercontig_12.5	2400000	2500000	0.0533
Nc_Supercontig_12.5	2500000	2600000	0.0836
Nc_Supercontig_12.5	2600000	2700000	0.1312
Nc_Supercontig_12.5	2700000	2800000	1.3672
Nc_Supercontig_12.5	2800000	2900000	1.5043
Nc_Supercontig_12.5	2900000	3000000	1.0695
Nc_Supercontig_12.5	3000000	3100000	0.1185
Nc_Supercontig_12.5	3100000	3200000	0.5363
Nc_Supercontig_12.5	3200000	3300000	0.7080
Nc_Supercontig_12.5	3300000	3400000	0.0533
Nc_Supercontig_12.5	3400000	3500000	0.0862
Nc_Supercontig_12.5	3500000	3600000	0.0951
Nc_Supercontig_12.5	3600000	3700000	0.1426
Nc_Supercontig_12.5	3700000	3800000	0.0462
Nc_Supercontig_12.5	3800000	3900000	1.1162
Nc_Supercontig_12.5	3900000	4000000	0.1513
Nc_Supercontig_12.5	4000000	4100000	0.2497
Nc_Supercontig_12.5	4100000	4200000	0.0526
Nc_Supercontig_12.5	4200000	4300000	0.0472
Nc_Supercontig_12.5	4300000	4400000	0.2977
Nc_Supercontig_12.5	4400000	4500000	0.0438
Nc_Supercontig_12.5	4500000	4600000	0.0669
Nc_Supercontig_12.5	4600000	4700000	0.0829
Nc_Supercontig_12.5	4700000	4800000	0.0489
Nc_Supercontig_12.5	4800000	4900000	0.0442
Nc_Supercontig_12.5	4900000	5000000	0.4163
Nc_Supercontig_12.5	5000000	5100000	0.0441
Nc_Supercontig_12.5	5100000	5200000	0.1250
Nc_Supercontig_12.5	5200000	5300000	0.0685
Nc_Supercontig_12.5	5300000	5400000	0.0439
Nc_Supercontig_12.5	5400000	5500000	0.0430
Nc_Supercontig_12.5	5500000	5600000	0.0953
Nc_Supercontig_12.5	5600000	5700000	0.0227
Nc_Supercontig_12.5	5700000	5800000	0.0788
Nc_Supercontig_12.5	5800000	5900000	0.2170
Nc_Supercontig_12.5	5900000	6000000	0.1441
Nc_Supercontig_12.5	6000000	6100000	0.0093
Nc_Supercontig_12.5	6100000	6200000	0.0209
Nc_Supercontig_12.5	6200000	6300000	0.2885
Nc_Supercontig_12.5	6300000	6400000	0.1395
Nc_Supercontig_12.5	6400000	6436246	0.1602
Nc_Supercontig_12.6	0	100000	0.1652
Nc_Supercontig_12.6	100000	200000	0.0750
Nc_Supercontig_12.6	200000	300000	0.0462
Nc_Supercontig_12.6	300000	400000	0.2968
Nc_Supercontig_12.6	400000	500000	0.0805
Nc_Supercontig_12.6	500000	600000	0.5992
Nc_Supercontig_12.6	600000	700000	1.7145
Nc_Supercontig_12.6	700000	800000	0.1093
Nc_Supercontig_12.6	800000	900000	0.0502
Nc_Supercontig_12.6	900000	1000000	0.0728
Nc_Supercontig_12.6	1000000	1100000	0.6323
Nc_Supercontig_12.6	1100000	1200000	0.7353
Nc_Supercontig_12.6	1200000	1300000	0.2473
Nc_Supercontig_12.6	1300000	1400000	0.0402
Nc_Supercontig_12.6	1400000	1500000	0.1880
Nc_Supercontig_12.6	1500000	1600000	0.4220
Nc_Supercontig_12.6	1600000	1700000	0.0503
Nc_Supercontig_12.6	1700000	1800000	0.0431
Nc_Supercontig_12.6	1800000	1900000	0.0623
Nc_Supercontig_12.6	1900000	2000000	0.0458
Nc_Supercontig_12.6	2000000	2100000	0.0528
Nc_Supercontig_12.6	2100000	2200000	0.0623
Nc_Supercontig_12.6	2200000	2300000	2.9320
Nc_Supercontig_12.6	2300000	2400000	0.0394
Nc_Supercontig_12.6	2400000	2500000	0.0367
Nc_Supercontig_12.6	2500000	2600000	0.1760
Nc_Supercontig_12.6	2600000	2700000	0.6797
Nc_Supercontig_12.6	2700000	2800000	0.0338
Nc_Supercontig_12.6	2800000	2900000	0.0037
Nc_Supercontig_12.6	2900000	3000000	0.0093
Nc_Supercontig_12.6	3000000	3100000	0.0093
Nc_Supercontig_12.6	3100000	3200000	0.2815
Nc_Supercontig_12.6	3200000	3300000	0.1421
Nc_Supercontig_12.6	3300000	3400000	0.1412
Nc_Supercontig_12.6	3400000	3500000	0.2131
Nc_Supercontig_12.6	3500000	3600000	0.2279
Nc_Supercontig_12.6	3600000	3700000	0.0634
Nc_Supercontig_12.6	3700000	3800000	0.1355
Nc_Supercontig_12.6	3800000	3900000	0.0556
Nc_Supercontig_12.6	3900000	4000000	3.0476
Nc_Supercontig_12.6	4000000	4100000	0.0494
Nc_Supercontig_12.6	4100000	4200000	0.0234
Nc_Supercontig_12.6	4200000	4218384	0.0739
Nc_Supercontig_12.7	0	100000	2.7936
Nc_Supercontig_12.7	100000	200000	0.0622
Nc_Supercontig_12.7	200000	300000	0.0374
Nc_Supercontig_12.7	300000	400000	0.2862
Nc_Supercontig_12.7	400000	500000	0.3286
Nc_Supercontig_12.7	500000	600000	0.1427
Nc_Supercontig_12.7	600000	700000	0.0617
Nc_Supercontig_12.7	700000	800000	0.1321
Nc_Supercontig_12.7	800000	900000	0.5376
Nc_Supercontig_12.7	900000	1000000	2.9487
Nc_Supercontig_12.7	1000000	1100000	0.0365
Nc_Supercontig_12.7	1100000	1200000	0.0478
Nc_Supercontig_12.7	1200000	1300000	0.1276
Nc_Supercontig_12.7	1300000	1400000	0.2359
Nc_Supercontig_12.7	1400000	1500000	0.2006
Nc_Supercontig_12.7	1500000	1600000	0.1072
Nc_Supercontig_12.7	1600000	1700000	3.0894
Nc_Supercontig_12.7	1700000	1800000	0.4026
Nc_Supercontig_12.7	1800000	1900000	0.0423
Nc_Supercontig_12.7	1900000	2000000	0.8083
Nc_Supercontig_12.7	2000000	2100000	0.1483
Nc_Supercontig_12.7	2100000	2200000	0.0200
Nc_Supercontig_12.7	2200000	2300000	0.0078
Nc_Supercontig_12.7	2300000	2400000	0.0083
Nc_Supercontig_12.7	2400000	2500000	0.0339
Nc_Supercontig_12.7	2500000	2600000	0.0509
Nc_Supercontig_12.7	2600000	2700000	0.9258
Nc_Supercontig_12.7	2700000	2800000	0.0751
Nc_Supercontig_12.7	2800000	2900000	0.5531
Nc_Supercontig_12.7	2900000	3000000	0.2595
Nc_Supercontig_12.7	3000000	3100000	0.0470
Nc_Supercontig_12.7	3100000	3200000	0.0675
Nc_Supercontig_12.7	3200000	3300000	0.0342
Nc_Supercontig_12.7	3300000	3400000	0.2611
Nc_Supercontig_12.7	3400000	3500000	0.0506
Nc_Supercontig_12.7	3500000	3600000	3.3521
Nc_Supercontig_12.7	3600000	3700000	0.0807
Nc_Supercontig_12.7	3700000	3800000	0.1114
Nc_Supercontig_12.7	3800000	3900000	0.1750
Nc_Supercontig_12.7	3900000	4000000	0.0881
Nc_Supercontig_12.7	4000000	4100000	0.0386
Nc_Supercontig_12.7	4100000	4200000	0.0364
Nc_Supercontig_12.7	4200000	4255303	0.0653
Nc_Supercontig_12.8	0	100000	88.9814
Nc_Supercontig_12.8	100000	192308	1.2910
Nc_Supercontig_12.9	0	100000	0.7521
Nc_Supercontig_12.9	100000	142473	1.0528
