Nc_Supercontig_12.1	8300000	8400000	15576
Nc_Supercontig_12.1	1000000	1100000	21497
Nc_Supercontig_12.1	2000000	2100000	13610
Nc_Supercontig_12.1	3100000	3200000	10961
Nc_Supercontig_12.1	4100000	4200000	7169
Nc_Supercontig_12.1	5200000	5300000	16518
Nc_Supercontig_12.1	6200000	6300000	7391
Nc_Supercontig_12.1	7300000	7400000	12350
Nc_Supercontig_12.1	9400000	9500000	12916
Nc_Supercontig_12.1	100000	200000	24696
Nc_Supercontig_12.1	200000	300000	7843
Nc_Supercontig_12.1	300000	400000	35541
Nc_Supercontig_12.1	500000	600000	16660
Nc_Supercontig_12.1	600000	700000	13841
Nc_Supercontig_12.1	700000	800000	12607
Nc_Supercontig_12.1	900000	1000000	48199
Nc_Supercontig_12.1	1100000	1200000	10494
Nc_Supercontig_12.1	1300000	1400000	4601
Nc_Supercontig_12.1	1400000	1500000	8205
Nc_Supercontig_12.1	1500000	1600000	36696
Nc_Supercontig_12.1	1700000	1800000	18763
Nc_Supercontig_12.1	1800000	1900000	14637
Nc_Supercontig_12.1	1900000	2000000	7554
Nc_Supercontig_12.1	2200000	2300000	93879
Nc_Supercontig_12.1	2300000	2400000	27138
Nc_Supercontig_12.1	2400000	2500000	21499
Nc_Supercontig_12.1	2600000	2700000	12191
Nc_Supercontig_12.1	2700000	2800000	9933
Nc_Supercontig_12.1	2800000	2900000	20707
Nc_Supercontig_12.1	3000000	3100000	8904
Nc_Supercontig_12.1	3200000	3300000	11277
Nc_Supercontig_12.1	3400000	3500000	8564
Nc_Supercontig_12.1	3500000	3600000	6888
Nc_Supercontig_12.1	3600000	3700000	4289
Nc_Supercontig_12.1	3800000	3900000	993
Nc_Supercontig_12.1	3900000	4000000	2238
Nc_Supercontig_12.1	4000000	4100000	1432
Nc_Supercontig_12.1	4300000	4400000	6933
Nc_Supercontig_12.1	4400000	4500000	12720
Nc_Supercontig_12.1	4500000	4600000	23869
Nc_Supercontig_12.1	4700000	4800000	13645
Nc_Supercontig_12.1	4800000	4900000	8247
Nc_Supercontig_12.1	4900000	5000000	22055
Nc_Supercontig_12.1	5100000	5200000	15874
Nc_Supercontig_12.1	5300000	5400000	10199
Nc_Supercontig_12.1	5500000	5600000	9073
Nc_Supercontig_12.1	5600000	5700000	99177
Nc_Supercontig_12.1	5700000	5800000	21325
Nc_Supercontig_12.1	5800000	5900000	83347
Nc_Supercontig_12.1	6000000	6100000	10410
Nc_Supercontig_12.1	6100000	6200000	11639
Nc_Supercontig_12.1	6400000	6500000	103344
Nc_Supercontig_12.1	6500000	6600000	10023
Nc_Supercontig_12.1	6600000	6700000	12484
Nc_Supercontig_12.1	6800000	6900000	95688
Nc_Supercontig_12.1	6900000	7000000	43415
Nc_Supercontig_12.1	7000000	7100000	14077
Nc_Supercontig_12.1	7200000	7300000	6391
Nc_Supercontig_12.1	7400000	7500000	4663
Nc_Supercontig_12.1	7600000	7700000	27423
Nc_Supercontig_12.1	7700000	7800000	12083
Nc_Supercontig_12.1	7800000	7900000	8593
Nc_Supercontig_12.1	7900000	8000000	51419
Nc_Supercontig_12.1	8100000	8200000	45309
Nc_Supercontig_12.1	8200000	8300000	8605
Nc_Supercontig_12.1	8500000	8600000	12572
Nc_Supercontig_12.1	8600000	8700000	118221
Nc_Supercontig_12.1	8700000	8800000	11434
Nc_Supercontig_12.1	8900000	9000000	10537
Nc_Supercontig_12.1	9000000	9100000	14436
Nc_Supercontig_12.1	9100000	9200000	25082
Nc_Supercontig_12.1	9300000	9400000	10952
Nc_Supercontig_12.1	9500000	9600000	16283
Nc_Supercontig_12.1	9600000	9700000	7016
Nc_Supercontig_12.1	0	100000	18628
Nc_Supercontig_12.1	400000	500000	12351
Nc_Supercontig_12.1	800000	900000	7923
Nc_Supercontig_12.1	1200000	1300000	11111
Nc_Supercontig_12.1	1600000	1700000	9862
Nc_Supercontig_12.1	2100000	2200000	13069
Nc_Supercontig_12.1	2500000	2600000	72022
Nc_Supercontig_12.1	2900000	3000000	13058
Nc_Supercontig_12.1	3300000	3400000	13746
Nc_Supercontig_12.1	3700000	3800000	2580
Nc_Supercontig_12.1	4200000	4300000	11281
Nc_Supercontig_12.1	4600000	4700000	11772
Nc_Supercontig_12.1	5000000	5100000	5907
Nc_Supercontig_12.1	5400000	5500000	13561
Nc_Supercontig_12.1	5900000	6000000	5022
Nc_Supercontig_12.1	6300000	6400000	8379
Nc_Supercontig_12.1	6700000	6800000	8916
Nc_Supercontig_12.1	7100000	7200000	24463
Nc_Supercontig_12.1	7500000	7600000	24020
Nc_Supercontig_12.1	8000000	8100000	16548
Nc_Supercontig_12.1	8400000	8500000	11163
Nc_Supercontig_12.1	8800000	8900000	15723
Nc_Supercontig_12.1	9200000	9300000	12499
Nc_Supercontig_12.1	9700000	9798893	5146
Nc_Supercontig_12.10	0	100000	555
Nc_Supercontig_12.10	100000	125404	107
Nc_Supercontig_12.11	0	31696	168
Nc_Supercontig_12.12	0	19714	7570
Nc_Supercontig_12.13	0	13515	76
Nc_Supercontig_12.14	0	11565	55
Nc_Supercontig_12.15	0	9397	4684
Nc_Supercontig_12.16	0	8983	3220
Nc_Supercontig_12.17	0	6701	36
Nc_Supercontig_12.18	0	6309	2383
Nc_Supercontig_12.19	0	4755	602
Nc_Supercontig_12.2	1000000	1100000	6796
Nc_Supercontig_12.2	2000000	2100000	11964
Nc_Supercontig_12.2	3100000	3200000	18836
Nc_Supercontig_12.2	4100000	4200000	7967
Nc_Supercontig_12.2	100000	200000	13336
Nc_Supercontig_12.2	200000	300000	8374
Nc_Supercontig_12.2	300000	400000	11530
Nc_Supercontig_12.2	500000	600000	7829
Nc_Supercontig_12.2	600000	700000	6202
Nc_Supercontig_12.2	700000	800000	19319
Nc_Supercontig_12.2	900000	1000000	113342
Nc_Supercontig_12.2	1100000	1200000	1148
Nc_Supercontig_12.2	1300000	1400000	2926
Nc_Supercontig_12.2	1400000	1500000	111076
Nc_Supercontig_12.2	1500000	1600000	54072
Nc_Supercontig_12.2	1700000	1800000	8728
Nc_Supercontig_12.2	1800000	1900000	17144
Nc_Supercontig_12.2	1900000	2000000	9280
Nc_Supercontig_12.2	2200000	2300000	16448
Nc_Supercontig_12.2	2300000	2400000	6851
Nc_Supercontig_12.2	2400000	2500000	76498
Nc_Supercontig_12.2	2600000	2700000	16690
Nc_Supercontig_12.2	2700000	2800000	15200
Nc_Supercontig_12.2	2800000	2900000	14496
Nc_Supercontig_12.2	3000000	3100000	347186
Nc_Supercontig_12.2	3200000	3300000	22547
Nc_Supercontig_12.2	3400000	3500000	17006
Nc_Supercontig_12.2	3500000	3600000	20399
Nc_Supercontig_12.2	3600000	3700000	525
Nc_Supercontig_12.2	3800000	3900000	12911
Nc_Supercontig_12.2	3900000	4000000	3236
Nc_Supercontig_12.2	4000000	4100000	10086
Nc_Supercontig_12.2	4300000	4400000	6372
Nc_Supercontig_12.2	4400000	4478683	39244
Nc_Supercontig_12.2	0	100000	9320
Nc_Supercontig_12.2	400000	500000	18400
Nc_Supercontig_12.2	800000	900000	12456
Nc_Supercontig_12.2	1200000	1300000	787
Nc_Supercontig_12.2	1600000	1700000	6305
Nc_Supercontig_12.2	2100000	2200000	3681
Nc_Supercontig_12.2	2500000	2600000	14997
Nc_Supercontig_12.2	2900000	3000000	6013
Nc_Supercontig_12.2	3300000	3400000	8993
Nc_Supercontig_12.2	3700000	3800000	18527
Nc_Supercontig_12.2	4200000	4300000	15697
Nc_Supercontig_12.20	0	1646	804008
Nc_Supercontig_12.3	1000000	1100000	6894
Nc_Supercontig_12.3	2000000	2100000	10900
Nc_Supercontig_12.3	3100000	3200000	12829
Nc_Supercontig_12.3	4100000	4200000	9067
Nc_Supercontig_12.3	5200000	5274802	11857
Nc_Supercontig_12.3	100000	200000	8739
Nc_Supercontig_12.3	200000	300000	21938
Nc_Supercontig_12.3	300000	400000	21042
Nc_Supercontig_12.3	500000	600000	6666
Nc_Supercontig_12.3	600000	700000	9902
Nc_Supercontig_12.3	700000	800000	731
Nc_Supercontig_12.3	900000	1000000	6081
Nc_Supercontig_12.3	1100000	1200000	15260
Nc_Supercontig_12.3	1300000	1400000	17624
Nc_Supercontig_12.3	1400000	1500000	6341
Nc_Supercontig_12.3	1500000	1600000	22195
Nc_Supercontig_12.3	1700000	1800000	8674
Nc_Supercontig_12.3	1800000	1900000	9537
Nc_Supercontig_12.3	1900000	2000000	12488
Nc_Supercontig_12.3	2200000	2300000	5661
Nc_Supercontig_12.3	2300000	2400000	17623
Nc_Supercontig_12.3	2400000	2500000	10046
Nc_Supercontig_12.3	2600000	2700000	8291
Nc_Supercontig_12.3	2700000	2800000	14824
Nc_Supercontig_12.3	2800000	2900000	4692
Nc_Supercontig_12.3	3000000	3100000	16651
Nc_Supercontig_12.3	3200000	3300000	14135
Nc_Supercontig_12.3	3400000	3500000	6783
Nc_Supercontig_12.3	3500000	3600000	7545
Nc_Supercontig_12.3	3600000	3700000	10451
Nc_Supercontig_12.3	3800000	3900000	10249
Nc_Supercontig_12.3	3900000	4000000	13032
Nc_Supercontig_12.3	4000000	4100000	6775
Nc_Supercontig_12.3	4300000	4400000	16199
Nc_Supercontig_12.3	4400000	4500000	23500
Nc_Supercontig_12.3	4500000	4600000	9441
Nc_Supercontig_12.3	4700000	4800000	88216
Nc_Supercontig_12.3	4800000	4900000	42419
Nc_Supercontig_12.3	4900000	5000000	16045
Nc_Supercontig_12.3	5100000	5200000	22226
Nc_Supercontig_12.3	0	100000	7901
Nc_Supercontig_12.3	400000	500000	11437
Nc_Supercontig_12.3	800000	900000	778
Nc_Supercontig_12.3	1200000	1300000	7868
Nc_Supercontig_12.3	1600000	1700000	11048
Nc_Supercontig_12.3	2100000	2200000	17045
Nc_Supercontig_12.3	2500000	2600000	11855
Nc_Supercontig_12.3	2900000	3000000	17735
Nc_Supercontig_12.3	3300000	3400000	23177
Nc_Supercontig_12.3	3700000	3800000	7719
Nc_Supercontig_12.3	4200000	4300000	7117
Nc_Supercontig_12.3	4600000	4700000	59726
Nc_Supercontig_12.3	5000000	5100000	32212
Nc_Supercontig_12.4	1000000	1100000	3642
Nc_Supercontig_12.4	2000000	2100000	5854
Nc_Supercontig_12.4	3100000	3200000	12378
Nc_Supercontig_12.4	4100000	4200000	124526
Nc_Supercontig_12.4	5200000	5300000	5259
Nc_Supercontig_12.4	100000	200000	15210
Nc_Supercontig_12.4	200000	300000	25973
Nc_Supercontig_12.4	300000	400000	77863
Nc_Supercontig_12.4	500000	600000	31956
Nc_Supercontig_12.4	600000	700000	47978
Nc_Supercontig_12.4	700000	800000	13993
Nc_Supercontig_12.4	900000	1000000	884
Nc_Supercontig_12.4	1100000	1200000	8310
Nc_Supercontig_12.4	1300000	1400000	11314
Nc_Supercontig_12.4	1400000	1500000	113554
Nc_Supercontig_12.4	1500000	1600000	21138
Nc_Supercontig_12.4	1700000	1800000	18510
Nc_Supercontig_12.4	1800000	1900000	23857
Nc_Supercontig_12.4	1900000	2000000	4576
Nc_Supercontig_12.4	2200000	2300000	22596
Nc_Supercontig_12.4	2300000	2400000	4795
Nc_Supercontig_12.4	2400000	2500000	9898
Nc_Supercontig_12.4	2600000	2700000	7392
Nc_Supercontig_12.4	2700000	2800000	16529
Nc_Supercontig_12.4	2800000	2900000	32473
Nc_Supercontig_12.4	3000000	3100000	98358
Nc_Supercontig_12.4	3200000	3300000	15011
Nc_Supercontig_12.4	3400000	3500000	32790
Nc_Supercontig_12.4	3500000	3600000	20296
Nc_Supercontig_12.4	3600000	3700000	17401
Nc_Supercontig_12.4	3800000	3900000	7920
Nc_Supercontig_12.4	3900000	4000000	19772
Nc_Supercontig_12.4	4000000	4100000	5268
Nc_Supercontig_12.4	4300000	4400000	109617
Nc_Supercontig_12.4	4400000	4500000	120389
Nc_Supercontig_12.4	4500000	4600000	9878
Nc_Supercontig_12.4	4700000	4800000	38214
Nc_Supercontig_12.4	4800000	4900000	10680
Nc_Supercontig_12.4	4900000	5000000	11531
Nc_Supercontig_12.4	5100000	5200000	50583
Nc_Supercontig_12.4	5300000	5400000	100402
Nc_Supercontig_12.4	5500000	5600000	12539
Nc_Supercontig_12.4	5600000	5700000	11878
Nc_Supercontig_12.4	5700000	5800000	27283
Nc_Supercontig_12.4	5800000	5900000	8488
Nc_Supercontig_12.4	0	100000	8832
Nc_Supercontig_12.4	400000	500000	17100
Nc_Supercontig_12.4	800000	900000	9879
Nc_Supercontig_12.4	1200000	1300000	17122
Nc_Supercontig_12.4	1600000	1700000	9784
Nc_Supercontig_12.4	2100000	2200000	20671
Nc_Supercontig_12.4	2500000	2600000	10462
Nc_Supercontig_12.4	2900000	3000000	6461
Nc_Supercontig_12.4	3300000	3400000	8424
Nc_Supercontig_12.4	3700000	3800000	19798
Nc_Supercontig_12.4	4200000	4300000	1855
Nc_Supercontig_12.4	4600000	4700000	10720
Nc_Supercontig_12.4	5000000	5100000	25398
Nc_Supercontig_12.4	5400000	5500000	6575
Nc_Supercontig_12.4	5900000	6000000	6376
Nc_Supercontig_12.4	6000000	6000761	332
Nc_Supercontig_12.5	1000000	1100000	1059
Nc_Supercontig_12.5	2000000	2100000	14482
Nc_Supercontig_12.5	3100000	3200000	33579
Nc_Supercontig_12.5	4100000	4200000	10161
Nc_Supercontig_12.5	5200000	5300000	8183
Nc_Supercontig_12.5	6200000	6300000	27620
Nc_Supercontig_12.5	100000	200000	7278
Nc_Supercontig_12.5	200000	300000	10756
Nc_Supercontig_12.5	300000	400000	21723
Nc_Supercontig_12.5	500000	600000	5638
Nc_Supercontig_12.5	600000	700000	97873
Nc_Supercontig_12.5	700000	800000	17351
Nc_Supercontig_12.5	900000	1000000	739
Nc_Supercontig_12.5	1100000	1200000	843
Nc_Supercontig_12.5	1300000	1400000	24345
Nc_Supercontig_12.5	1400000	1500000	6450
Nc_Supercontig_12.5	1500000	1600000	39622
Nc_Supercontig_12.5	1700000	1800000	40436
Nc_Supercontig_12.5	1800000	1900000	18825
Nc_Supercontig_12.5	1900000	2000000	9444
Nc_Supercontig_12.5	2200000	2300000	9531
Nc_Supercontig_12.5	2300000	2400000	31717
Nc_Supercontig_12.5	2400000	2500000	10297
Nc_Supercontig_12.5	2600000	2700000	11288
Nc_Supercontig_12.5	2700000	2800000	48536
Nc_Supercontig_12.5	2800000	2900000	65741
Nc_Supercontig_12.5	3000000	3100000	8210
Nc_Supercontig_12.5	3200000	3300000	39202
Nc_Supercontig_12.5	3400000	3500000	9608
Nc_Supercontig_12.5	3500000	3600000	10664
Nc_Supercontig_12.5	3600000	3700000	13708
Nc_Supercontig_12.5	3800000	3900000	32406
Nc_Supercontig_12.5	3900000	4000000	13109
Nc_Supercontig_12.5	4000000	4100000	24953
Nc_Supercontig_12.5	4300000	4400000	21399
Nc_Supercontig_12.5	4400000	4500000	6654
Nc_Supercontig_12.5	4500000	4600000	6561
Nc_Supercontig_12.5	4700000	4800000	9635
Nc_Supercontig_12.5	4800000	4900000	7433
Nc_Supercontig_12.5	4900000	5000000	22806
Nc_Supercontig_12.5	5100000	5200000	10272
Nc_Supercontig_12.5	5300000	5400000	12122
Nc_Supercontig_12.5	5500000	5600000	10079
Nc_Supercontig_12.5	5600000	5700000	3350
Nc_Supercontig_12.5	5700000	5800000	15900
Nc_Supercontig_12.5	5800000	5900000	20882
Nc_Supercontig_12.5	6000000	6100000	4576
Nc_Supercontig_12.5	6100000	6200000	4533
Nc_Supercontig_12.5	6400000	6436246	11390
Nc_Supercontig_12.5	0	100000	28936
Nc_Supercontig_12.5	400000	500000	106660
Nc_Supercontig_12.5	800000	900000	14740
Nc_Supercontig_12.5	1200000	1300000	19376
Nc_Supercontig_12.5	1600000	1700000	8101
Nc_Supercontig_12.5	2100000	2200000	7307
Nc_Supercontig_12.5	2500000	2600000	7870
Nc_Supercontig_12.5	2900000	3000000	34726
Nc_Supercontig_12.5	3300000	3400000	76490
Nc_Supercontig_12.5	3700000	3800000	12148
Nc_Supercontig_12.5	4200000	4300000	10851
Nc_Supercontig_12.5	4600000	4700000	12457
Nc_Supercontig_12.5	5000000	5100000	9418
Nc_Supercontig_12.5	5400000	5500000	14200
Nc_Supercontig_12.5	5900000	6000000	13639
Nc_Supercontig_12.5	6300000	6400000	12526
Nc_Supercontig_12.6	1000000	1100000	30875
Nc_Supercontig_12.6	2000000	2100000	9979
Nc_Supercontig_12.6	3100000	3200000	27716
Nc_Supercontig_12.6	4100000	4200000	2850
Nc_Supercontig_12.6	100000	200000	11286
Nc_Supercontig_12.6	200000	300000	26924
Nc_Supercontig_12.6	300000	400000	23348
Nc_Supercontig_12.6	500000	600000	31805
Nc_Supercontig_12.6	600000	700000	83668
Nc_Supercontig_12.6	700000	800000	12968
Nc_Supercontig_12.6	900000	1000000	9137
Nc_Supercontig_12.6	1100000	1200000	35370
Nc_Supercontig_12.6	1300000	1400000	8273
Nc_Supercontig_12.6	1400000	1500000	10299
Nc_Supercontig_12.6	1500000	1600000	27695
Nc_Supercontig_12.6	1700000	1800000	11696
Nc_Supercontig_12.6	1800000	1900000	7485
Nc_Supercontig_12.6	1900000	2000000	9134
Nc_Supercontig_12.6	2200000	2300000	105648
Nc_Supercontig_12.6	2300000	2400000	5669
Nc_Supercontig_12.6	2400000	2500000	8001
Nc_Supercontig_12.6	2600000	2700000	40446
Nc_Supercontig_12.6	2700000	2800000	7760
Nc_Supercontig_12.6	2800000	2900000	515
Nc_Supercontig_12.6	3000000	3100000	1434
Nc_Supercontig_12.6	3200000	3300000	9314
Nc_Supercontig_12.6	3400000	3500000	17162
Nc_Supercontig_12.6	3500000	3600000	19785
Nc_Supercontig_12.6	3600000	3700000	6528
Nc_Supercontig_12.6	3800000	3900000	8068
Nc_Supercontig_12.6	3900000	4000000	113522
Nc_Supercontig_12.6	4000000	4100000	7019
Nc_Supercontig_12.6	0	100000	19408
Nc_Supercontig_12.6	400000	500000	31583
Nc_Supercontig_12.6	800000	900000	8705
Nc_Supercontig_12.6	1200000	1300000	21399
Nc_Supercontig_12.6	1600000	1700000	12703
Nc_Supercontig_12.6	2100000	2200000	10870
Nc_Supercontig_12.6	2500000	2600000	15804
Nc_Supercontig_12.6	2900000	3000000	1140
Nc_Supercontig_12.6	3300000	3400000	9365
Nc_Supercontig_12.6	3700000	3800000	12750
Nc_Supercontig_12.6	4200000	4218384	2200
Nc_Supercontig_12.7	1000000	1100000	6060
Nc_Supercontig_12.7	2000000	2100000	8881
Nc_Supercontig_12.7	3100000	3200000	12711
Nc_Supercontig_12.7	4100000	4200000	9067
Nc_Supercontig_12.7	100000	200000	10020
Nc_Supercontig_12.7	200000	300000	6953
Nc_Supercontig_12.7	300000	400000	16119
Nc_Supercontig_12.7	500000	600000	8382
Nc_Supercontig_12.7	600000	700000	29185
Nc_Supercontig_12.7	700000	800000	13842
Nc_Supercontig_12.7	900000	1000000	114109
Nc_Supercontig_12.7	1100000	1200000	10051
Nc_Supercontig_12.7	1300000	1400000	18677
Nc_Supercontig_12.7	1400000	1500000	15372
Nc_Supercontig_12.7	1500000	1600000	15377
Nc_Supercontig_12.7	1700000	1800000	19856
Nc_Supercontig_12.7	1800000	1900000	5486
Nc_Supercontig_12.7	1900000	2000000	24543
Nc_Supercontig_12.7	2200000	2300000	1008
Nc_Supercontig_12.7	2300000	2400000	961
Nc_Supercontig_12.7	2400000	2500000	6220
Nc_Supercontig_12.7	2600000	2700000	37748
Nc_Supercontig_12.7	2700000	2800000	12065
Nc_Supercontig_12.7	2800000	2900000	27242
Nc_Supercontig_12.7	3000000	3100000	12485
Nc_Supercontig_12.7	3200000	3300000	5710
Nc_Supercontig_12.7	3400000	3500000	7333
Nc_Supercontig_12.7	3500000	3600000	319910
Nc_Supercontig_12.7	3600000	3700000	6450
Nc_Supercontig_12.7	3800000	3900000	14019
Nc_Supercontig_12.7	3900000	4000000	17735
Nc_Supercontig_12.7	4000000	4100000	19817
Nc_Supercontig_12.7	0	100000	102332
Nc_Supercontig_12.7	400000	500000	22468
Nc_Supercontig_12.7	800000	900000	34696
Nc_Supercontig_12.7	1200000	1300000	11764
Nc_Supercontig_12.7	1600000	1700000	105107
Nc_Supercontig_12.7	2100000	2200000	3076
Nc_Supercontig_12.7	2500000	2600000	8495
Nc_Supercontig_12.7	2900000	3000000	13043
Nc_Supercontig_12.7	3300000	3400000	16254
Nc_Supercontig_12.7	3700000	3800000	56190
Nc_Supercontig_12.7	4200000	4255303	6465
Nc_Supercontig_12.8	100000	192308	185207
Nc_Supercontig_12.8	0	100000	11185359
Nc_Supercontig_12.9	100000	142473	63763
Nc_Supercontig_12.9	0	100000	117310
