Nc_Supercontig_12.1	0	100000	0.186280
Nc_Supercontig_12.1	100000	200000	0.246960
Nc_Supercontig_12.1	200000	300000	0.078430
Nc_Supercontig_12.1	300000	400000	0.355410
Nc_Supercontig_12.1	400000	500000	0.123510
Nc_Supercontig_12.1	500000	600000	0.166600
Nc_Supercontig_12.1	600000	700000	0.138410
Nc_Supercontig_12.1	700000	800000	0.126070
Nc_Supercontig_12.1	800000	900000	0.079230
Nc_Supercontig_12.1	900000	1000000	0.481990
Nc_Supercontig_12.1	1000000	1100000	0.214970
Nc_Supercontig_12.1	1100000	1200000	0.104940
Nc_Supercontig_12.1	1200000	1300000	0.111110
Nc_Supercontig_12.1	1300000	1400000	0.046010
Nc_Supercontig_12.1	1400000	1500000	0.082050
Nc_Supercontig_12.1	1500000	1600000	0.366960
Nc_Supercontig_12.1	1600000	1700000	0.098620
Nc_Supercontig_12.1	1700000	1800000	0.187630
Nc_Supercontig_12.1	1800000	1900000	0.146370
Nc_Supercontig_12.1	1900000	2000000	0.075540
Nc_Supercontig_12.1	2000000	2100000	0.136100
Nc_Supercontig_12.1	2100000	2200000	0.130690
Nc_Supercontig_12.1	2200000	2300000	0.938790
Nc_Supercontig_12.1	2300000	2400000	0.271380
Nc_Supercontig_12.1	2400000	2500000	0.214990
Nc_Supercontig_12.1	2500000	2600000	0.720220
Nc_Supercontig_12.1	2600000	2700000	0.121910
Nc_Supercontig_12.1	2700000	2800000	0.099330
Nc_Supercontig_12.1	2800000	2900000	0.207070
Nc_Supercontig_12.1	2900000	3000000	0.130580
Nc_Supercontig_12.1	3000000	3100000	0.089040
Nc_Supercontig_12.1	3100000	3200000	0.109610
Nc_Supercontig_12.1	3200000	3300000	0.112770
Nc_Supercontig_12.1	3300000	3400000	0.137460
Nc_Supercontig_12.1	3400000	3500000	0.085640
Nc_Supercontig_12.1	3500000	3600000	0.068880
Nc_Supercontig_12.1	3600000	3700000	0.042890
Nc_Supercontig_12.1	3700000	3800000	0.025800
Nc_Supercontig_12.1	3800000	3900000	0.009930
Nc_Supercontig_12.1	3900000	4000000	0.022380
Nc_Supercontig_12.1	4000000	4100000	0.014320
Nc_Supercontig_12.1	4100000	4200000	0.071690
Nc_Supercontig_12.1	4200000	4300000	0.112810
Nc_Supercontig_12.1	4300000	4400000	0.069330
Nc_Supercontig_12.1	4400000	4500000	0.127200
Nc_Supercontig_12.1	4500000	4600000	0.238690
Nc_Supercontig_12.1	4600000	4700000	0.117720
Nc_Supercontig_12.1	4700000	4800000	0.136450
Nc_Supercontig_12.1	4800000	4900000	0.082470
Nc_Supercontig_12.1	4900000	5000000	0.220550
Nc_Supercontig_12.1	5000000	5100000	0.059070
Nc_Supercontig_12.1	5100000	5200000	0.158740
Nc_Supercontig_12.1	5200000	5300000	0.165180
Nc_Supercontig_12.1	5300000	5400000	0.101990
Nc_Supercontig_12.1	5400000	5500000	0.135610
Nc_Supercontig_12.1	5500000	5600000	0.090730
Nc_Supercontig_12.1	5600000	5700000	0.991770
Nc_Supercontig_12.1	5700000	5800000	0.213250
Nc_Supercontig_12.1	5800000	5900000	0.833470
Nc_Supercontig_12.1	5900000	6000000	0.050220
Nc_Supercontig_12.1	6000000	6100000	0.104100
Nc_Supercontig_12.1	6100000	6200000	0.116390
Nc_Supercontig_12.1	6200000	6300000	0.073910
Nc_Supercontig_12.1	6300000	6400000	0.083790
Nc_Supercontig_12.1	6400000	6500000	1.033440
Nc_Supercontig_12.1	6500000	6600000	0.100230
Nc_Supercontig_12.1	6600000	6700000	0.124840
Nc_Supercontig_12.1	6700000	6800000	0.089160
Nc_Supercontig_12.1	6800000	6900000	0.956880
Nc_Supercontig_12.1	6900000	7000000	0.434150
Nc_Supercontig_12.1	7000000	7100000	0.140770
Nc_Supercontig_12.1	7100000	7200000	0.244630
Nc_Supercontig_12.1	7200000	7300000	0.063910
Nc_Supercontig_12.1	7300000	7400000	0.123500
Nc_Supercontig_12.1	7400000	7500000	0.046630
Nc_Supercontig_12.1	7500000	7600000	0.240200
Nc_Supercontig_12.1	7600000	7700000	0.274230
Nc_Supercontig_12.1	7700000	7800000	0.120830
Nc_Supercontig_12.1	7800000	7900000	0.085930
Nc_Supercontig_12.1	7900000	8000000	0.514190
Nc_Supercontig_12.1	8000000	8100000	0.165480
Nc_Supercontig_12.1	8100000	8200000	0.453090
Nc_Supercontig_12.1	8200000	8300000	0.086050
Nc_Supercontig_12.1	8300000	8400000	0.155760
Nc_Supercontig_12.1	8400000	8500000	0.111630
Nc_Supercontig_12.1	8500000	8600000	0.125720
Nc_Supercontig_12.1	8600000	8700000	1.182210
Nc_Supercontig_12.1	8700000	8800000	0.114340
Nc_Supercontig_12.1	8800000	8900000	0.157230
Nc_Supercontig_12.1	8900000	9000000	0.105370
Nc_Supercontig_12.1	9000000	9100000	0.144360
Nc_Supercontig_12.1	9100000	9200000	0.250820
Nc_Supercontig_12.1	9200000	9300000	0.124990
Nc_Supercontig_12.1	9300000	9400000	0.109520
Nc_Supercontig_12.1	9400000	9500000	0.129160
Nc_Supercontig_12.1	9500000	9600000	0.162830
Nc_Supercontig_12.1	9600000	9700000	0.070160
Nc_Supercontig_12.1	9700000	9798893	0.052036
Nc_Supercontig_12.10	0	100000	0.005550
Nc_Supercontig_12.10	100000	125404	0.004212
Nc_Supercontig_12.11	0	31696	0.005300
Nc_Supercontig_12.12	0	19714	0.383991
Nc_Supercontig_12.13	0	13515	0.005623
Nc_Supercontig_12.14	0	11565	0.004756
Nc_Supercontig_12.15	0	9397	0.498457
Nc_Supercontig_12.16	0	8983	0.358455
Nc_Supercontig_12.17	0	6701	0.005372
Nc_Supercontig_12.18	0	6309	0.377714
Nc_Supercontig_12.19	0	4755	0.126604
Nc_Supercontig_12.2	0	100000	0.093200
Nc_Supercontig_12.2	100000	200000	0.133360
Nc_Supercontig_12.2	200000	300000	0.083740
Nc_Supercontig_12.2	300000	400000	0.115300
Nc_Supercontig_12.2	400000	500000	0.184000
Nc_Supercontig_12.2	500000	600000	0.078290
Nc_Supercontig_12.2	600000	700000	0.062020
Nc_Supercontig_12.2	700000	800000	0.193190
Nc_Supercontig_12.2	800000	900000	0.124560
Nc_Supercontig_12.2	900000	1000000	1.133420
Nc_Supercontig_12.2	1000000	1100000	0.067960
Nc_Supercontig_12.2	1100000	1200000	0.011480
Nc_Supercontig_12.2	1200000	1300000	0.007870
Nc_Supercontig_12.2	1300000	1400000	0.029260
Nc_Supercontig_12.2	1400000	1500000	1.110760
Nc_Supercontig_12.2	1500000	1600000	0.540720
Nc_Supercontig_12.2	1600000	1700000	0.063050
Nc_Supercontig_12.2	1700000	1800000	0.087280
Nc_Supercontig_12.2	1800000	1900000	0.171440
Nc_Supercontig_12.2	1900000	2000000	0.092800
Nc_Supercontig_12.2	2000000	2100000	0.119640
Nc_Supercontig_12.2	2100000	2200000	0.036810
Nc_Supercontig_12.2	2200000	2300000	0.164480
Nc_Supercontig_12.2	2300000	2400000	0.068510
Nc_Supercontig_12.2	2400000	2500000	0.764980
Nc_Supercontig_12.2	2500000	2600000	0.149970
Nc_Supercontig_12.2	2600000	2700000	0.166900
Nc_Supercontig_12.2	2700000	2800000	0.152000
Nc_Supercontig_12.2	2800000	2900000	0.144960
Nc_Supercontig_12.2	2900000	3000000	0.060130
Nc_Supercontig_12.2	3000000	3100000	3.471860
Nc_Supercontig_12.2	3100000	3200000	0.188360
Nc_Supercontig_12.2	3200000	3300000	0.225470
Nc_Supercontig_12.2	3300000	3400000	0.089930
Nc_Supercontig_12.2	3400000	3500000	0.170060
Nc_Supercontig_12.2	3500000	3600000	0.203990
Nc_Supercontig_12.2	3600000	3700000	0.005250
Nc_Supercontig_12.2	3700000	3800000	0.185270
Nc_Supercontig_12.2	3800000	3900000	0.129110
Nc_Supercontig_12.2	3900000	4000000	0.032360
Nc_Supercontig_12.2	4000000	4100000	0.100860
Nc_Supercontig_12.2	4100000	4200000	0.079670
Nc_Supercontig_12.2	4200000	4300000	0.156970
Nc_Supercontig_12.2	4300000	4400000	0.063720
Nc_Supercontig_12.2	4400000	4478683	0.498761
Nc_Supercontig_12.20	0	1646	488.461725
Nc_Supercontig_12.3	0	100000	0.079010
Nc_Supercontig_12.3	100000	200000	0.087390
Nc_Supercontig_12.3	200000	300000	0.219380
Nc_Supercontig_12.3	300000	400000	0.210420
Nc_Supercontig_12.3	400000	500000	0.114370
Nc_Supercontig_12.3	500000	600000	0.066660
Nc_Supercontig_12.3	600000	700000	0.099020
Nc_Supercontig_12.3	700000	800000	0.007310
Nc_Supercontig_12.3	800000	900000	0.007780
Nc_Supercontig_12.3	900000	1000000	0.060810
Nc_Supercontig_12.3	1000000	1100000	0.068940
Nc_Supercontig_12.3	1100000	1200000	0.152600
Nc_Supercontig_12.3	1200000	1300000	0.078680
Nc_Supercontig_12.3	1300000	1400000	0.176240
Nc_Supercontig_12.3	1400000	1500000	0.063410
Nc_Supercontig_12.3	1500000	1600000	0.221950
Nc_Supercontig_12.3	1600000	1700000	0.110480
Nc_Supercontig_12.3	1700000	1800000	0.086740
Nc_Supercontig_12.3	1800000	1900000	0.095370
Nc_Supercontig_12.3	1900000	2000000	0.124880
Nc_Supercontig_12.3	2000000	2100000	0.109000
Nc_Supercontig_12.3	2100000	2200000	0.170450
Nc_Supercontig_12.3	2200000	2300000	0.056610
Nc_Supercontig_12.3	2300000	2400000	0.176230
Nc_Supercontig_12.3	2400000	2500000	0.100460
Nc_Supercontig_12.3	2500000	2600000	0.118550
Nc_Supercontig_12.3	2600000	2700000	0.082910
Nc_Supercontig_12.3	2700000	2800000	0.148240
Nc_Supercontig_12.3	2800000	2900000	0.046920
Nc_Supercontig_12.3	2900000	3000000	0.177350
Nc_Supercontig_12.3	3000000	3100000	0.166510
Nc_Supercontig_12.3	3100000	3200000	0.128290
Nc_Supercontig_12.3	3200000	3300000	0.141350
Nc_Supercontig_12.3	3300000	3400000	0.231770
Nc_Supercontig_12.3	3400000	3500000	0.067830
Nc_Supercontig_12.3	3500000	3600000	0.075450
Nc_Supercontig_12.3	3600000	3700000	0.104510
Nc_Supercontig_12.3	3700000	3800000	0.077190
Nc_Supercontig_12.3	3800000	3900000	0.102490
Nc_Supercontig_12.3	3900000	4000000	0.130320
Nc_Supercontig_12.3	4000000	4100000	0.067750
Nc_Supercontig_12.3	4100000	4200000	0.090670
Nc_Supercontig_12.3	4200000	4300000	0.071170
Nc_Supercontig_12.3	4300000	4400000	0.161990
Nc_Supercontig_12.3	4400000	4500000	0.235000
Nc_Supercontig_12.3	4500000	4600000	0.094410
Nc_Supercontig_12.3	4600000	4700000	0.597260
Nc_Supercontig_12.3	4700000	4800000	0.882160
Nc_Supercontig_12.3	4800000	4900000	0.424190
Nc_Supercontig_12.3	4900000	5000000	0.160450
Nc_Supercontig_12.3	5000000	5100000	0.322120
Nc_Supercontig_12.3	5100000	5200000	0.222260
Nc_Supercontig_12.3	5200000	5274802	0.158512
Nc_Supercontig_12.4	0	100000	0.088320
Nc_Supercontig_12.4	100000	200000	0.152100
Nc_Supercontig_12.4	200000	300000	0.259730
Nc_Supercontig_12.4	300000	400000	0.778630
Nc_Supercontig_12.4	400000	500000	0.171000
Nc_Supercontig_12.4	500000	600000	0.319560
Nc_Supercontig_12.4	600000	700000	0.479780
Nc_Supercontig_12.4	700000	800000	0.139930
Nc_Supercontig_12.4	800000	900000	0.098790
Nc_Supercontig_12.4	900000	1000000	0.008840
Nc_Supercontig_12.4	1000000	1100000	0.036420
Nc_Supercontig_12.4	1100000	1200000	0.083100
Nc_Supercontig_12.4	1200000	1300000	0.171220
Nc_Supercontig_12.4	1300000	1400000	0.113140
Nc_Supercontig_12.4	1400000	1500000	1.135540
Nc_Supercontig_12.4	1500000	1600000	0.211380
Nc_Supercontig_12.4	1600000	1700000	0.097840
Nc_Supercontig_12.4	1700000	1800000	0.185100
Nc_Supercontig_12.4	1800000	1900000	0.238570
Nc_Supercontig_12.4	1900000	2000000	0.045760
Nc_Supercontig_12.4	2000000	2100000	0.058540
Nc_Supercontig_12.4	2100000	2200000	0.206710
Nc_Supercontig_12.4	2200000	2300000	0.225960
Nc_Supercontig_12.4	2300000	2400000	0.047950
Nc_Supercontig_12.4	2400000	2500000	0.098980
Nc_Supercontig_12.4	2500000	2600000	0.104620
Nc_Supercontig_12.4	2600000	2700000	0.073920
Nc_Supercontig_12.4	2700000	2800000	0.165290
Nc_Supercontig_12.4	2800000	2900000	0.324730
Nc_Supercontig_12.4	2900000	3000000	0.064610
Nc_Supercontig_12.4	3000000	3100000	0.983580
Nc_Supercontig_12.4	3100000	3200000	0.123780
Nc_Supercontig_12.4	3200000	3300000	0.150110
Nc_Supercontig_12.4	3300000	3400000	0.084240
Nc_Supercontig_12.4	3400000	3500000	0.327900
Nc_Supercontig_12.4	3500000	3600000	0.202960
Nc_Supercontig_12.4	3600000	3700000	0.174010
Nc_Supercontig_12.4	3700000	3800000	0.197980
Nc_Supercontig_12.4	3800000	3900000	0.079200
Nc_Supercontig_12.4	3900000	4000000	0.197720
Nc_Supercontig_12.4	4000000	4100000	0.052680
Nc_Supercontig_12.4	4100000	4200000	1.245260
Nc_Supercontig_12.4	4200000	4300000	0.018550
Nc_Supercontig_12.4	4300000	4400000	1.096170
Nc_Supercontig_12.4	4400000	4500000	1.203890
Nc_Supercontig_12.4	4500000	4600000	0.098780
Nc_Supercontig_12.4	4600000	4700000	0.107200
Nc_Supercontig_12.4	4700000	4800000	0.382140
Nc_Supercontig_12.4	4800000	4900000	0.106800
Nc_Supercontig_12.4	4900000	5000000	0.115310
Nc_Supercontig_12.4	5000000	5100000	0.253980
Nc_Supercontig_12.4	5100000	5200000	0.505830
Nc_Supercontig_12.4	5200000	5300000	0.052590
Nc_Supercontig_12.4	5300000	5400000	1.004020
Nc_Supercontig_12.4	5400000	5500000	0.065750
Nc_Supercontig_12.4	5500000	5600000	0.125390
Nc_Supercontig_12.4	5600000	5700000	0.118780
Nc_Supercontig_12.4	5700000	5800000	0.272830
Nc_Supercontig_12.4	5800000	5900000	0.084880
Nc_Supercontig_12.4	5900000	6000000	0.063760
Nc_Supercontig_12.4	6000000	6000761	0.436268
Nc_Supercontig_12.5	0	100000	0.289360
Nc_Supercontig_12.5	100000	200000	0.072780
Nc_Supercontig_12.5	200000	300000	0.107560
Nc_Supercontig_12.5	300000	400000	0.217230
Nc_Supercontig_12.5	400000	500000	1.066600
Nc_Supercontig_12.5	500000	600000	0.056380
Nc_Supercontig_12.5	600000	700000	0.978730
Nc_Supercontig_12.5	700000	800000	0.173510
Nc_Supercontig_12.5	800000	900000	0.147400
Nc_Supercontig_12.5	900000	1000000	0.007390
Nc_Supercontig_12.5	1000000	1100000	0.010590
Nc_Supercontig_12.5	1100000	1200000	0.008430
Nc_Supercontig_12.5	1200000	1300000	0.193760
Nc_Supercontig_12.5	1300000	1400000	0.243450
Nc_Supercontig_12.5	1400000	1500000	0.064500
Nc_Supercontig_12.5	1500000	1600000	0.396220
Nc_Supercontig_12.5	1600000	1700000	0.081010
Nc_Supercontig_12.5	1700000	1800000	0.404360
Nc_Supercontig_12.5	1800000	1900000	0.188250
Nc_Supercontig_12.5	1900000	2000000	0.094440
Nc_Supercontig_12.5	2000000	2100000	0.144820
Nc_Supercontig_12.5	2100000	2200000	0.073070
Nc_Supercontig_12.5	2200000	2300000	0.095310
Nc_Supercontig_12.5	2300000	2400000	0.317170
Nc_Supercontig_12.5	2400000	2500000	0.102970
Nc_Supercontig_12.5	2500000	2600000	0.078700
Nc_Supercontig_12.5	2600000	2700000	0.112880
Nc_Supercontig_12.5	2700000	2800000	0.485360
Nc_Supercontig_12.5	2800000	2900000	0.657410
Nc_Supercontig_12.5	2900000	3000000	0.347260
Nc_Supercontig_12.5	3000000	3100000	0.082100
Nc_Supercontig_12.5	3100000	3200000	0.335790
Nc_Supercontig_12.5	3200000	3300000	0.392020
Nc_Supercontig_12.5	3300000	3400000	0.764900
Nc_Supercontig_12.5	3400000	3500000	0.096080
Nc_Supercontig_12.5	3500000	3600000	0.106640
Nc_Supercontig_12.5	3600000	3700000	0.137080
Nc_Supercontig_12.5	3700000	3800000	0.121480
Nc_Supercontig_12.5	3800000	3900000	0.324060
Nc_Supercontig_12.5	3900000	4000000	0.131090
Nc_Supercontig_12.5	4000000	4100000	0.249530
Nc_Supercontig_12.5	4100000	4200000	0.101610
Nc_Supercontig_12.5	4200000	4300000	0.108510
Nc_Supercontig_12.5	4300000	4400000	0.213990
Nc_Supercontig_12.5	4400000	4500000	0.066540
Nc_Supercontig_12.5	4500000	4600000	0.065610
Nc_Supercontig_12.5	4600000	4700000	0.124570
Nc_Supercontig_12.5	4700000	4800000	0.096350
Nc_Supercontig_12.5	4800000	4900000	0.074330
Nc_Supercontig_12.5	4900000	5000000	0.228060
Nc_Supercontig_12.5	5000000	5100000	0.094180
Nc_Supercontig_12.5	5100000	5200000	0.102720
Nc_Supercontig_12.5	5200000	5300000	0.081830
Nc_Supercontig_12.5	5300000	5400000	0.121220
Nc_Supercontig_12.5	5400000	5500000	0.142000
Nc_Supercontig_12.5	5500000	5600000	0.100790
Nc_Supercontig_12.5	5600000	5700000	0.033500
Nc_Supercontig_12.5	5700000	5800000	0.159000
Nc_Supercontig_12.5	5800000	5900000	0.208820
Nc_Supercontig_12.5	5900000	6000000	0.136390
Nc_Supercontig_12.5	6000000	6100000	0.045760
Nc_Supercontig_12.5	6100000	6200000	0.045330
Nc_Supercontig_12.5	6200000	6300000	0.276200
Nc_Supercontig_12.5	6300000	6400000	0.125260
Nc_Supercontig_12.5	6400000	6436246	0.314242
Nc_Supercontig_12.6	0	100000	0.194080
Nc_Supercontig_12.6	100000	200000	0.112860
Nc_Supercontig_12.6	200000	300000	0.269240
Nc_Supercontig_12.6	300000	400000	0.233480
Nc_Supercontig_12.6	400000	500000	0.315830
Nc_Supercontig_12.6	500000	600000	0.318050
Nc_Supercontig_12.6	600000	700000	0.836680
Nc_Supercontig_12.6	700000	800000	0.129680
Nc_Supercontig_12.6	800000	900000	0.087050
Nc_Supercontig_12.6	900000	1000000	0.091370
Nc_Supercontig_12.6	1000000	1100000	0.308750
Nc_Supercontig_12.6	1100000	1200000	0.353700
Nc_Supercontig_12.6	1200000	1300000	0.213990
Nc_Supercontig_12.6	1300000	1400000	0.082730
Nc_Supercontig_12.6	1400000	1500000	0.102990
Nc_Supercontig_12.6	1500000	1600000	0.276950
Nc_Supercontig_12.6	1600000	1700000	0.127030
Nc_Supercontig_12.6	1700000	1800000	0.116960
Nc_Supercontig_12.6	1800000	1900000	0.074850
Nc_Supercontig_12.6	1900000	2000000	0.091340
Nc_Supercontig_12.6	2000000	2100000	0.099790
Nc_Supercontig_12.6	2100000	2200000	0.108700
Nc_Supercontig_12.6	2200000	2300000	1.056480
Nc_Supercontig_12.6	2300000	2400000	0.056690
Nc_Supercontig_12.6	2400000	2500000	0.080010
Nc_Supercontig_12.6	2500000	2600000	0.158040
Nc_Supercontig_12.6	2600000	2700000	0.404460
Nc_Supercontig_12.6	2700000	2800000	0.077600
Nc_Supercontig_12.6	2800000	2900000	0.005150
Nc_Supercontig_12.6	2900000	3000000	0.011400
Nc_Supercontig_12.6	3000000	3100000	0.014340
Nc_Supercontig_12.6	3100000	3200000	0.277160
Nc_Supercontig_12.6	3200000	3300000	0.093140
Nc_Supercontig_12.6	3300000	3400000	0.093650
Nc_Supercontig_12.6	3400000	3500000	0.171620
Nc_Supercontig_12.6	3500000	3600000	0.197850
Nc_Supercontig_12.6	3600000	3700000	0.065280
Nc_Supercontig_12.6	3700000	3800000	0.127500
Nc_Supercontig_12.6	3800000	3900000	0.080680
Nc_Supercontig_12.6	3900000	4000000	1.135220
Nc_Supercontig_12.6	4000000	4100000	0.070190
Nc_Supercontig_12.6	4100000	4200000	0.028500
Nc_Supercontig_12.6	4200000	4218384	0.119669
Nc_Supercontig_12.7	0	100000	1.023320
Nc_Supercontig_12.7	100000	200000	0.100200
Nc_Supercontig_12.7	200000	300000	0.069530
Nc_Supercontig_12.7	300000	400000	0.161190
Nc_Supercontig_12.7	400000	500000	0.224680
Nc_Supercontig_12.7	500000	600000	0.083820
Nc_Supercontig_12.7	600000	700000	0.291850
Nc_Supercontig_12.7	700000	800000	0.138420
Nc_Supercontig_12.7	800000	900000	0.346960
Nc_Supercontig_12.7	900000	1000000	1.141090
Nc_Supercontig_12.7	1000000	1100000	0.060600
Nc_Supercontig_12.7	1100000	1200000	0.100510
Nc_Supercontig_12.7	1200000	1300000	0.117640
Nc_Supercontig_12.7	1300000	1400000	0.186770
Nc_Supercontig_12.7	1400000	1500000	0.153720
Nc_Supercontig_12.7	1500000	1600000	0.153770
Nc_Supercontig_12.7	1600000	1700000	1.051070
Nc_Supercontig_12.7	1700000	1800000	0.198560
Nc_Supercontig_12.7	1800000	1900000	0.054860
Nc_Supercontig_12.7	1900000	2000000	0.245430
Nc_Supercontig_12.7	2000000	2100000	0.088810
Nc_Supercontig_12.7	2100000	2200000	0.030760
Nc_Supercontig_12.7	2200000	2300000	0.010080
Nc_Supercontig_12.7	2300000	2400000	0.009610
Nc_Supercontig_12.7	2400000	2500000	0.062200
Nc_Supercontig_12.7	2500000	2600000	0.084950
Nc_Supercontig_12.7	2600000	2700000	0.377480
Nc_Supercontig_12.7	2700000	2800000	0.120650
Nc_Supercontig_12.7	2800000	2900000	0.272420
Nc_Supercontig_12.7	2900000	3000000	0.130430
Nc_Supercontig_12.7	3000000	3100000	0.124850
Nc_Supercontig_12.7	3100000	3200000	0.127110
Nc_Supercontig_12.7	3200000	3300000	0.057100
Nc_Supercontig_12.7	3300000	3400000	0.162540
Nc_Supercontig_12.7	3400000	3500000	0.073330
Nc_Supercontig_12.7	3500000	3600000	3.199100
Nc_Supercontig_12.7	3600000	3700000	0.064500
Nc_Supercontig_12.7	3700000	3800000	0.561900
Nc_Supercontig_12.7	3800000	3900000	0.140190
Nc_Supercontig_12.7	3900000	4000000	0.177350
Nc_Supercontig_12.7	4000000	4100000	0.198170
Nc_Supercontig_12.7	4100000	4200000	0.090670
Nc_Supercontig_12.7	4200000	4255303	0.116901
Nc_Supercontig_12.8	0	100000	111.853590
Nc_Supercontig_12.8	100000	192308	2.006402
Nc_Supercontig_12.9	0	100000	1.173100
Nc_Supercontig_12.9	100000	142473	1.501260
