Nc_Supercontig_12.1	0	100000	0.110410
Nc_Supercontig_12.1	100000	200000	0.375990
Nc_Supercontig_12.1	200000	300000	0.282780
Nc_Supercontig_12.1	300000	400000	0.720950
Nc_Supercontig_12.1	400000	500000	0.133870
Nc_Supercontig_12.1	500000	600000	0.279230
Nc_Supercontig_12.1	600000	700000	0.050630
Nc_Supercontig_12.1	700000	800000	0.604980
Nc_Supercontig_12.1	800000	900000	0.058160
Nc_Supercontig_12.1	900000	1000000	0.628610
Nc_Supercontig_12.1	1000000	1100000	0.070600
Nc_Supercontig_12.1	1100000	1200000	0.052790
Nc_Supercontig_12.1	1200000	1300000	0.039080
Nc_Supercontig_12.1	1300000	1400000	0.036580
Nc_Supercontig_12.1	1400000	1500000	0.035500
Nc_Supercontig_12.1	1500000	1600000	0.404630
Nc_Supercontig_12.1	1600000	1700000	0.065600
Nc_Supercontig_12.1	1700000	1800000	0.082360
Nc_Supercontig_12.1	1800000	1900000	0.137320
Nc_Supercontig_12.1	1900000	2000000	0.038970
Nc_Supercontig_12.1	2000000	2100000	0.140950
Nc_Supercontig_12.1	2100000	2200000	0.053270
Nc_Supercontig_12.1	2200000	2300000	1.500620
Nc_Supercontig_12.1	2300000	2400000	0.326260
Nc_Supercontig_12.1	2400000	2500000	0.130610
Nc_Supercontig_12.1	2500000	2600000	0.597460
Nc_Supercontig_12.1	2600000	2700000	0.044360
Nc_Supercontig_12.1	2700000	2800000	0.047320
Nc_Supercontig_12.1	2800000	2900000	0.069580
Nc_Supercontig_12.1	2900000	3000000	0.076300
Nc_Supercontig_12.1	3000000	3100000	0.034090
Nc_Supercontig_12.1	3100000	3200000	0.058250
Nc_Supercontig_12.1	3200000	3300000	0.035210
Nc_Supercontig_12.1	3300000	3400000	0.055600
Nc_Supercontig_12.1	3400000	3500000	0.031960
Nc_Supercontig_12.1	3500000	3600000	0.034650
Nc_Supercontig_12.1	3600000	3700000	0.021920
Nc_Supercontig_12.1	3700000	3800000	0.025660
Nc_Supercontig_12.1	3800000	3900000	0.021280
Nc_Supercontig_12.1	3900000	4000000	0.021560
Nc_Supercontig_12.1	4000000	4100000	0.013720
Nc_Supercontig_12.1	4100000	4200000	0.040350
Nc_Supercontig_12.1	4200000	4300000	0.043260
Nc_Supercontig_12.1	4300000	4400000	0.030040
Nc_Supercontig_12.1	4400000	4500000	0.143160
Nc_Supercontig_12.1	4500000	4600000	0.714170
Nc_Supercontig_12.1	4600000	4700000	0.048420
Nc_Supercontig_12.1	4700000	4800000	0.047150
Nc_Supercontig_12.1	4800000	4900000	0.049010
Nc_Supercontig_12.1	4900000	5000000	0.155170
Nc_Supercontig_12.1	5000000	5100000	0.032160
Nc_Supercontig_12.1	5100000	5200000	0.102840
Nc_Supercontig_12.1	5200000	5300000	0.056420
Nc_Supercontig_12.1	5300000	5400000	0.037980
Nc_Supercontig_12.1	5400000	5500000	0.096660
Nc_Supercontig_12.1	5500000	5600000	0.048060
Nc_Supercontig_12.1	5600000	5700000	1.536470
Nc_Supercontig_12.1	5700000	5800000	0.062060
Nc_Supercontig_12.1	5800000	5900000	0.840000
Nc_Supercontig_12.1	5900000	6000000	0.023360
Nc_Supercontig_12.1	6000000	6100000	0.058750
Nc_Supercontig_12.1	6100000	6200000	0.069470
Nc_Supercontig_12.1	6200000	6300000	0.063550
Nc_Supercontig_12.1	6300000	6400000	0.083290
Nc_Supercontig_12.1	6400000	6500000	1.567110
Nc_Supercontig_12.1	6500000	6600000	0.080520
Nc_Supercontig_12.1	6600000	6700000	0.050170
Nc_Supercontig_12.1	6700000	6800000	0.049960
Nc_Supercontig_12.1	6800000	6900000	1.482860
Nc_Supercontig_12.1	6900000	7000000	0.723550
Nc_Supercontig_12.1	7000000	7100000	0.092800
Nc_Supercontig_12.1	7100000	7200000	0.213380
Nc_Supercontig_12.1	7200000	7300000	0.111530
Nc_Supercontig_12.1	7300000	7400000	0.209320
Nc_Supercontig_12.1	7400000	7500000	0.032810
Nc_Supercontig_12.1	7500000	7600000	0.076190
Nc_Supercontig_12.1	7600000	7700000	0.083190
Nc_Supercontig_12.1	7700000	7800000	0.107150
Nc_Supercontig_12.1	7800000	7900000	0.037360
Nc_Supercontig_12.1	7900000	8000000	0.215860
Nc_Supercontig_12.1	8000000	8100000	0.095690
Nc_Supercontig_12.1	8100000	8200000	0.645550
Nc_Supercontig_12.1	8200000	8300000	0.047310
Nc_Supercontig_12.1	8300000	8400000	0.103480
Nc_Supercontig_12.1	8400000	8500000	0.089610
Nc_Supercontig_12.1	8500000	8600000	0.089240
Nc_Supercontig_12.1	8600000	8700000	1.895450
Nc_Supercontig_12.1	8700000	8800000	0.158190
Nc_Supercontig_12.1	8800000	8900000	0.524620
Nc_Supercontig_12.1	8900000	9000000	0.077860
Nc_Supercontig_12.1	9000000	9100000	0.064370
Nc_Supercontig_12.1	9100000	9200000	0.069430
Nc_Supercontig_12.1	9200000	9300000	0.093610
Nc_Supercontig_12.1	9300000	9400000	0.064160
Nc_Supercontig_12.1	9400000	9500000	0.149230
Nc_Supercontig_12.1	9500000	9600000	0.089580
Nc_Supercontig_12.1	9600000	9700000	0.053040
Nc_Supercontig_12.1	9700000	9798893	0.063938
Nc_Supercontig_12.10	0	100000	0.008620
Nc_Supercontig_12.10	100000	125404	0.007479
Nc_Supercontig_12.11	0	31696	0.009496
Nc_Supercontig_12.12	0	19714	0.316932
Nc_Supercontig_12.13	0	13515	0.006955
Nc_Supercontig_12.14	0	11565	0.008128
Nc_Supercontig_12.15	0	9397	0.198893
Nc_Supercontig_12.16	0	8983	0.408216
Nc_Supercontig_12.17	0	6701	0.008954
Nc_Supercontig_12.18	0	6309	0.479632
Nc_Supercontig_12.19	0	4755	0.216824
Nc_Supercontig_12.2	0	100000	0.183340
Nc_Supercontig_12.2	100000	200000	1.498330
Nc_Supercontig_12.2	200000	300000	0.044500
Nc_Supercontig_12.2	300000	400000	0.136000
Nc_Supercontig_12.2	400000	500000	0.351880
Nc_Supercontig_12.2	500000	600000	0.193530
Nc_Supercontig_12.2	600000	700000	0.056240
Nc_Supercontig_12.2	700000	800000	0.217180
Nc_Supercontig_12.2	800000	900000	0.098630
Nc_Supercontig_12.2	900000	1000000	1.620970
Nc_Supercontig_12.2	1000000	1100000	0.036460
Nc_Supercontig_12.2	1100000	1200000	0.101270
Nc_Supercontig_12.2	1200000	1300000	0.019380
Nc_Supercontig_12.2	1300000	1400000	0.023590
Nc_Supercontig_12.2	1400000	1500000	2.280720
Nc_Supercontig_12.2	1500000	1600000	1.276140
Nc_Supercontig_12.2	1600000	1700000	0.041620
Nc_Supercontig_12.2	1700000	1800000	0.059920
Nc_Supercontig_12.2	1800000	1900000	0.196250
Nc_Supercontig_12.2	1900000	2000000	0.058640
Nc_Supercontig_12.2	2000000	2100000	0.074960
Nc_Supercontig_12.2	2100000	2200000	0.017960
Nc_Supercontig_12.2	2200000	2300000	0.099530
Nc_Supercontig_12.2	2300000	2400000	0.030720
Nc_Supercontig_12.2	2400000	2500000	0.538240
Nc_Supercontig_12.2	2500000	2600000	0.050200
Nc_Supercontig_12.2	2600000	2700000	0.053700
Nc_Supercontig_12.2	2700000	2800000	0.049260
Nc_Supercontig_12.2	2800000	2900000	0.050540
Nc_Supercontig_12.2	2900000	3000000	0.035530
Nc_Supercontig_12.2	3000000	3100000	4.774680
Nc_Supercontig_12.2	3100000	3200000	0.110290
Nc_Supercontig_12.2	3200000	3300000	0.069890
Nc_Supercontig_12.2	3300000	3400000	0.037460
Nc_Supercontig_12.2	3400000	3500000	0.541100
Nc_Supercontig_12.2	3500000	3600000	0.258710
Nc_Supercontig_12.2	3600000	3700000	0.009500
Nc_Supercontig_12.2	3700000	3800000	0.173150
Nc_Supercontig_12.2	3800000	3900000	0.107160
Nc_Supercontig_12.2	3900000	4000000	0.027610
Nc_Supercontig_12.2	4000000	4100000	0.073090
Nc_Supercontig_12.2	4100000	4200000	0.426460
Nc_Supercontig_12.2	4200000	4300000	0.169820
Nc_Supercontig_12.2	4300000	4400000	0.090760
Nc_Supercontig_12.2	4400000	4478683	0.687366
Nc_Supercontig_12.20	0	1646	399.696233
Nc_Supercontig_12.3	0	100000	0.078620
Nc_Supercontig_12.3	100000	200000	0.485520
Nc_Supercontig_12.3	200000	300000	0.567370
Nc_Supercontig_12.3	300000	400000	0.169370
Nc_Supercontig_12.3	400000	500000	0.293500
Nc_Supercontig_12.3	500000	600000	0.114600
Nc_Supercontig_12.3	600000	700000	0.048990
Nc_Supercontig_12.3	700000	800000	0.011740
Nc_Supercontig_12.3	800000	900000	0.014850
Nc_Supercontig_12.3	900000	1000000	0.076180
Nc_Supercontig_12.3	1000000	1100000	0.030620
Nc_Supercontig_12.3	1100000	1200000	0.086440
Nc_Supercontig_12.3	1200000	1300000	0.032790
Nc_Supercontig_12.3	1300000	1400000	0.649850
Nc_Supercontig_12.3	1400000	1500000	0.035150
Nc_Supercontig_12.3	1500000	1600000	0.101700
Nc_Supercontig_12.3	1600000	1700000	0.069180
Nc_Supercontig_12.3	1700000	1800000	0.044630
Nc_Supercontig_12.3	1800000	1900000	0.044030
Nc_Supercontig_12.3	1900000	2000000	0.049770
Nc_Supercontig_12.3	2000000	2100000	0.043320
Nc_Supercontig_12.3	2100000	2200000	0.062410
Nc_Supercontig_12.3	2200000	2300000	0.021990
Nc_Supercontig_12.3	2300000	2400000	0.093890
Nc_Supercontig_12.3	2400000	2500000	0.046550
Nc_Supercontig_12.3	2500000	2600000	0.086640
Nc_Supercontig_12.3	2600000	2700000	0.042770
Nc_Supercontig_12.3	2700000	2800000	0.113760
Nc_Supercontig_12.3	2800000	2900000	0.023530
Nc_Supercontig_12.3	2900000	3000000	0.132180
Nc_Supercontig_12.3	3000000	3100000	0.127160
Nc_Supercontig_12.3	3100000	3200000	0.040070
Nc_Supercontig_12.3	3200000	3300000	0.120110
Nc_Supercontig_12.3	3300000	3400000	0.113720
Nc_Supercontig_12.3	3400000	3500000	0.052170
Nc_Supercontig_12.3	3500000	3600000	0.057150
Nc_Supercontig_12.3	3600000	3700000	0.049130
Nc_Supercontig_12.3	3700000	3800000	0.033830
Nc_Supercontig_12.3	3800000	3900000	0.037890
Nc_Supercontig_12.3	3900000	4000000	0.056660
Nc_Supercontig_12.3	4000000	4100000	0.038330
Nc_Supercontig_12.3	4100000	4200000	0.047830
Nc_Supercontig_12.3	4200000	4300000	0.038160
Nc_Supercontig_12.3	4300000	4400000	0.182140
Nc_Supercontig_12.3	4400000	4500000	0.576780
Nc_Supercontig_12.3	4500000	4600000	0.065130
Nc_Supercontig_12.3	4600000	4700000	2.118090
Nc_Supercontig_12.3	4700000	4800000	1.581840
Nc_Supercontig_12.3	4800000	4900000	0.711970
Nc_Supercontig_12.3	4900000	5000000	0.442070
Nc_Supercontig_12.3	5000000	5100000	0.319660
Nc_Supercontig_12.3	5100000	5200000	0.190850
Nc_Supercontig_12.3	5200000	5274802	0.165316
Nc_Supercontig_12.4	0	100000	0.092020
Nc_Supercontig_12.4	100000	200000	0.198960
Nc_Supercontig_12.4	200000	300000	1.218710
Nc_Supercontig_12.4	300000	400000	1.641260
Nc_Supercontig_12.4	400000	500000	1.443500
Nc_Supercontig_12.4	500000	600000	1.555940
Nc_Supercontig_12.4	600000	700000	1.115410
Nc_Supercontig_12.4	700000	800000	1.041620
Nc_Supercontig_12.4	800000	900000	0.173870
Nc_Supercontig_12.4	900000	1000000	0.023370
Nc_Supercontig_12.4	1000000	1100000	0.055290
Nc_Supercontig_12.4	1100000	1200000	0.081750
Nc_Supercontig_12.4	1200000	1300000	0.044590
Nc_Supercontig_12.4	1300000	1400000	0.044070
Nc_Supercontig_12.4	1400000	1500000	1.709950
Nc_Supercontig_12.4	1500000	1600000	0.743130
Nc_Supercontig_12.4	1600000	1700000	0.120280
Nc_Supercontig_12.4	1700000	1800000	0.305100
Nc_Supercontig_12.4	1800000	1900000	0.407850
Nc_Supercontig_12.4	1900000	2000000	0.056760
Nc_Supercontig_12.4	2000000	2100000	0.023910
Nc_Supercontig_12.4	2100000	2200000	0.092740
Nc_Supercontig_12.4	2200000	2300000	0.286300
Nc_Supercontig_12.4	2300000	2400000	0.038030
Nc_Supercontig_12.4	2400000	2500000	0.031650
Nc_Supercontig_12.4	2500000	2600000	0.055110
Nc_Supercontig_12.4	2600000	2700000	0.036400
Nc_Supercontig_12.4	2700000	2800000	0.133440
Nc_Supercontig_12.4	2800000	2900000	0.333560
Nc_Supercontig_12.4	2900000	3000000	0.037090
Nc_Supercontig_12.4	3000000	3100000	1.663430
Nc_Supercontig_12.4	3100000	3200000	0.051080
Nc_Supercontig_12.4	3200000	3300000	0.115370
Nc_Supercontig_12.4	3300000	3400000	0.057650
Nc_Supercontig_12.4	3400000	3500000	0.358670
Nc_Supercontig_12.4	3500000	3600000	0.075080
Nc_Supercontig_12.4	3600000	3700000	0.087040
Nc_Supercontig_12.4	3700000	3800000	0.065560
Nc_Supercontig_12.4	3800000	3900000	0.065180
Nc_Supercontig_12.4	3900000	4000000	0.135910
Nc_Supercontig_12.4	4000000	4100000	0.028140
Nc_Supercontig_12.4	4100000	4200000	2.189960
Nc_Supercontig_12.4	4200000	4300000	0.119500
Nc_Supercontig_12.4	4300000	4400000	1.628750
Nc_Supercontig_12.4	4400000	4500000	1.844530
Nc_Supercontig_12.4	4500000	4600000	0.039440
Nc_Supercontig_12.4	4600000	4700000	0.072250
Nc_Supercontig_12.4	4700000	4800000	0.387090
Nc_Supercontig_12.4	4800000	4900000	0.074010
Nc_Supercontig_12.4	4900000	5000000	0.063830
Nc_Supercontig_12.4	5000000	5100000	2.059640
Nc_Supercontig_12.4	5100000	5200000	0.792870
Nc_Supercontig_12.4	5200000	5300000	0.043520
Nc_Supercontig_12.4	5300000	5400000	1.637640
Nc_Supercontig_12.4	5400000	5500000	0.046910
Nc_Supercontig_12.4	5500000	5600000	0.053600
Nc_Supercontig_12.4	5600000	5700000	0.076750
Nc_Supercontig_12.4	5700000	5800000	0.180160
Nc_Supercontig_12.4	5800000	5900000	0.446230
Nc_Supercontig_12.4	5900000	6000000	0.135480
Nc_Supercontig_12.4	6000000	6000761	0.499343
Nc_Supercontig_12.5	0	100000	0.246660
Nc_Supercontig_12.5	100000	200000	0.273610
Nc_Supercontig_12.5	200000	300000	0.777310
Nc_Supercontig_12.5	300000	400000	0.952800
Nc_Supercontig_12.5	400000	500000	1.832390
Nc_Supercontig_12.5	500000	600000	0.460330
Nc_Supercontig_12.5	600000	700000	1.665820
Nc_Supercontig_12.5	700000	800000	0.236970
Nc_Supercontig_12.5	800000	900000	0.105950
Nc_Supercontig_12.5	900000	1000000	0.013690
Nc_Supercontig_12.5	1000000	1100000	0.030140
Nc_Supercontig_12.5	1100000	1200000	0.016830
Nc_Supercontig_12.5	1200000	1300000	0.109930
Nc_Supercontig_12.5	1300000	1400000	0.128190
Nc_Supercontig_12.5	1400000	1500000	0.080440
Nc_Supercontig_12.5	1500000	1600000	0.304040
Nc_Supercontig_12.5	1600000	1700000	0.094280
Nc_Supercontig_12.5	1700000	1800000	0.241650
Nc_Supercontig_12.5	1800000	1900000	0.074800
Nc_Supercontig_12.5	1900000	2000000	0.038690
Nc_Supercontig_12.5	2000000	2100000	0.044490
Nc_Supercontig_12.5	2100000	2200000	0.043240
Nc_Supercontig_12.5	2200000	2300000	0.042060
Nc_Supercontig_12.5	2300000	2400000	0.093630
Nc_Supercontig_12.5	2400000	2500000	0.037860
Nc_Supercontig_12.5	2500000	2600000	0.055810
Nc_Supercontig_12.5	2600000	2700000	0.105240
Nc_Supercontig_12.5	2700000	2800000	0.603270
Nc_Supercontig_12.5	2800000	2900000	0.859300
Nc_Supercontig_12.5	2900000	3000000	0.530630
Nc_Supercontig_12.5	3000000	3100000	0.084350
Nc_Supercontig_12.5	3100000	3200000	0.322560
Nc_Supercontig_12.5	3200000	3300000	0.401280
Nc_Supercontig_12.5	3300000	3400000	0.276030
Nc_Supercontig_12.5	3400000	3500000	0.112040
Nc_Supercontig_12.5	3500000	3600000	0.061580
Nc_Supercontig_12.5	3600000	3700000	0.086660
Nc_Supercontig_12.5	3700000	3800000	0.034290
Nc_Supercontig_12.5	3800000	3900000	0.362900
Nc_Supercontig_12.5	3900000	4000000	0.080810
Nc_Supercontig_12.5	4000000	4100000	0.078060
Nc_Supercontig_12.5	4100000	4200000	0.055200
Nc_Supercontig_12.5	4200000	4300000	0.036790
Nc_Supercontig_12.5	4300000	4400000	0.220920
Nc_Supercontig_12.5	4400000	4500000	0.052950
Nc_Supercontig_12.5	4500000	4600000	0.040730
Nc_Supercontig_12.5	4600000	4700000	0.094110
Nc_Supercontig_12.5	4700000	4800000	0.036140
Nc_Supercontig_12.5	4800000	4900000	0.043380
Nc_Supercontig_12.5	4900000	5000000	0.215310
Nc_Supercontig_12.5	5000000	5100000	0.045690
Nc_Supercontig_12.5	5100000	5200000	0.062070
Nc_Supercontig_12.5	5200000	5300000	0.041190
Nc_Supercontig_12.5	5300000	5400000	0.038280
Nc_Supercontig_12.5	5400000	5500000	0.044930
Nc_Supercontig_12.5	5500000	5600000	0.078450
Nc_Supercontig_12.5	5600000	5700000	0.022980
Nc_Supercontig_12.5	5700000	5800000	0.120000
Nc_Supercontig_12.5	5800000	5900000	0.206310
Nc_Supercontig_12.5	5900000	6000000	0.201500
Nc_Supercontig_12.5	6000000	6100000	0.301190
Nc_Supercontig_12.5	6100000	6200000	0.178080
Nc_Supercontig_12.5	6200000	6300000	0.738010
Nc_Supercontig_12.5	6300000	6400000	0.137140
Nc_Supercontig_12.5	6400000	6436246	2.477708
Nc_Supercontig_12.6	0	100000	0.203800
Nc_Supercontig_12.6	100000	200000	0.066640
Nc_Supercontig_12.6	200000	300000	1.861100
Nc_Supercontig_12.6	300000	400000	0.733440
Nc_Supercontig_12.6	400000	500000	2.406730
Nc_Supercontig_12.6	500000	600000	0.345880
Nc_Supercontig_12.6	600000	700000	0.826970
Nc_Supercontig_12.6	700000	800000	0.105470
Nc_Supercontig_12.6	800000	900000	0.114120
Nc_Supercontig_12.6	900000	1000000	0.053190
Nc_Supercontig_12.6	1000000	1100000	0.368850
Nc_Supercontig_12.6	1100000	1200000	0.388510
Nc_Supercontig_12.6	1200000	1300000	0.138270
Nc_Supercontig_12.6	1300000	1400000	0.238430
Nc_Supercontig_12.6	1400000	1500000	0.146900
Nc_Supercontig_12.6	1500000	1600000	0.354170
Nc_Supercontig_12.6	1600000	1700000	0.308140
Nc_Supercontig_12.6	1700000	1800000	0.329230
Nc_Supercontig_12.6	1800000	1900000	0.043520
Nc_Supercontig_12.6	1900000	2000000	0.116020
Nc_Supercontig_12.6	2000000	2100000	0.036650
Nc_Supercontig_12.6	2100000	2200000	0.068590
Nc_Supercontig_12.6	2200000	2300000	1.610070
Nc_Supercontig_12.6	2300000	2400000	0.034590
Nc_Supercontig_12.6	2400000	2500000	0.033230
Nc_Supercontig_12.6	2500000	2600000	0.127290
Nc_Supercontig_12.6	2600000	2700000	0.413540
Nc_Supercontig_12.6	2700000	2800000	0.042600
Nc_Supercontig_12.6	2800000	2900000	0.008130
Nc_Supercontig_12.6	2900000	3000000	0.018610
Nc_Supercontig_12.6	3000000	3100000	0.019470
Nc_Supercontig_12.6	3100000	3200000	0.142320
Nc_Supercontig_12.6	3200000	3300000	0.083060
Nc_Supercontig_12.6	3300000	3400000	0.091510
Nc_Supercontig_12.6	3400000	3500000	0.250460
Nc_Supercontig_12.6	3500000	3600000	0.151070
Nc_Supercontig_12.6	3600000	3700000	0.110360
Nc_Supercontig_12.6	3700000	3800000	0.243600
Nc_Supercontig_12.6	3800000	3900000	0.084090
Nc_Supercontig_12.6	3900000	4000000	1.809540
Nc_Supercontig_12.6	4000000	4100000	0.211290
Nc_Supercontig_12.6	4100000	4200000	0.041110
Nc_Supercontig_12.6	4200000	4218384	0.154700
Nc_Supercontig_12.7	0	100000	1.589470
Nc_Supercontig_12.7	100000	200000	0.149560
Nc_Supercontig_12.7	200000	300000	0.368130
Nc_Supercontig_12.7	300000	400000	0.182190
Nc_Supercontig_12.7	400000	500000	0.203960
Nc_Supercontig_12.7	500000	600000	0.068110
Nc_Supercontig_12.7	600000	700000	0.982300
Nc_Supercontig_12.7	700000	800000	0.138580
Nc_Supercontig_12.7	800000	900000	0.442420
Nc_Supercontig_12.7	900000	1000000	2.272170
Nc_Supercontig_12.7	1000000	1100000	0.050210
Nc_Supercontig_12.7	1100000	1200000	0.033410
Nc_Supercontig_12.7	1200000	1300000	0.095640
Nc_Supercontig_12.7	1300000	1400000	0.399630
Nc_Supercontig_12.7	1400000	1500000	0.097910
Nc_Supercontig_12.7	1500000	1600000	0.085980
Nc_Supercontig_12.7	1600000	1700000	1.656490
Nc_Supercontig_12.7	1700000	1800000	0.240310
Nc_Supercontig_12.7	1800000	1900000	0.035670
Nc_Supercontig_12.7	1900000	2000000	0.326070
Nc_Supercontig_12.7	2000000	2100000	0.079110
Nc_Supercontig_12.7	2100000	2200000	0.025920
Nc_Supercontig_12.7	2200000	2300000	0.023580
Nc_Supercontig_12.7	2300000	2400000	0.019910
Nc_Supercontig_12.7	2400000	2500000	0.029290
Nc_Supercontig_12.7	2500000	2600000	0.045160
Nc_Supercontig_12.7	2600000	2700000	0.543010
Nc_Supercontig_12.7	2700000	2800000	0.064650
Nc_Supercontig_12.7	2800000	2900000	0.359180
Nc_Supercontig_12.7	2900000	3000000	0.242760
Nc_Supercontig_12.7	3000000	3100000	0.046860
Nc_Supercontig_12.7	3100000	3200000	0.052910
Nc_Supercontig_12.7	3200000	3300000	0.036120
Nc_Supercontig_12.7	3300000	3400000	0.151340
Nc_Supercontig_12.7	3400000	3500000	0.076130
Nc_Supercontig_12.7	3500000	3600000	4.447130
Nc_Supercontig_12.7	3600000	3700000	0.058300
Nc_Supercontig_12.7	3700000	3800000	0.161930
Nc_Supercontig_12.7	3800000	3900000	0.082370
Nc_Supercontig_12.7	3900000	4000000	0.144640
Nc_Supercontig_12.7	4000000	4100000	0.484910
Nc_Supercontig_12.7	4100000	4200000	0.044380
Nc_Supercontig_12.7	4200000	4255303	0.127877
Nc_Supercontig_12.8	0	100000	88.739160
Nc_Supercontig_12.8	100000	192308	1.544514
Nc_Supercontig_12.9	0	100000	0.969780
Nc_Supercontig_12.9	100000	142473	1.521602
