Nc_Supercontig_12.1	8300000	8400000	10348
Nc_Supercontig_12.1	1000000	1100000	7060
Nc_Supercontig_12.1	2000000	2100000	14095
Nc_Supercontig_12.1	3100000	3200000	5825
Nc_Supercontig_12.1	4100000	4200000	4035
Nc_Supercontig_12.1	5200000	5300000	5642
Nc_Supercontig_12.1	6200000	6300000	6355
Nc_Supercontig_12.1	7300000	7400000	20932
Nc_Supercontig_12.1	9400000	9500000	14923
Nc_Supercontig_12.1	100000	200000	37599
Nc_Supercontig_12.1	200000	300000	28278
Nc_Supercontig_12.1	300000	400000	72095
Nc_Supercontig_12.1	500000	600000	27923
Nc_Supercontig_12.1	600000	700000	5063
Nc_Supercontig_12.1	700000	800000	60498
Nc_Supercontig_12.1	900000	1000000	62861
Nc_Supercontig_12.1	1100000	1200000	5279
Nc_Supercontig_12.1	1300000	1400000	3658
Nc_Supercontig_12.1	1400000	1500000	3550
Nc_Supercontig_12.1	1500000	1600000	40463
Nc_Supercontig_12.1	1700000	1800000	8236
Nc_Supercontig_12.1	1800000	1900000	13732
Nc_Supercontig_12.1	1900000	2000000	3897
Nc_Supercontig_12.1	2200000	2300000	150062
Nc_Supercontig_12.1	2300000	2400000	32626
Nc_Supercontig_12.1	2400000	2500000	13061
Nc_Supercontig_12.1	2600000	2700000	4436
Nc_Supercontig_12.1	2700000	2800000	4732
Nc_Supercontig_12.1	2800000	2900000	6958
Nc_Supercontig_12.1	3000000	3100000	3409
Nc_Supercontig_12.1	3200000	3300000	3521
Nc_Supercontig_12.1	3400000	3500000	3196
Nc_Supercontig_12.1	3500000	3600000	3465
Nc_Supercontig_12.1	3600000	3700000	2192
Nc_Supercontig_12.1	3800000	3900000	2128
Nc_Supercontig_12.1	3900000	4000000	2156
Nc_Supercontig_12.1	4000000	4100000	1372
Nc_Supercontig_12.1	4300000	4400000	3004
Nc_Supercontig_12.1	4400000	4500000	14316
Nc_Supercontig_12.1	4500000	4600000	71417
Nc_Supercontig_12.1	4700000	4800000	4715
Nc_Supercontig_12.1	4800000	4900000	4901
Nc_Supercontig_12.1	4900000	5000000	15517
Nc_Supercontig_12.1	5100000	5200000	10284
Nc_Supercontig_12.1	5300000	5400000	3798
Nc_Supercontig_12.1	5500000	5600000	4806
Nc_Supercontig_12.1	5600000	5700000	153647
Nc_Supercontig_12.1	5700000	5800000	6206
Nc_Supercontig_12.1	5800000	5900000	84000
Nc_Supercontig_12.1	6000000	6100000	5875
Nc_Supercontig_12.1	6100000	6200000	6947
Nc_Supercontig_12.1	6400000	6500000	156711
Nc_Supercontig_12.1	6500000	6600000	8052
Nc_Supercontig_12.1	6600000	6700000	5017
Nc_Supercontig_12.1	6800000	6900000	148286
Nc_Supercontig_12.1	6900000	7000000	72355
Nc_Supercontig_12.1	7000000	7100000	9280
Nc_Supercontig_12.1	7200000	7300000	11153
Nc_Supercontig_12.1	7400000	7500000	3281
Nc_Supercontig_12.1	7600000	7700000	8319
Nc_Supercontig_12.1	7700000	7800000	10715
Nc_Supercontig_12.1	7800000	7900000	3736
Nc_Supercontig_12.1	7900000	8000000	21586
Nc_Supercontig_12.1	8100000	8200000	64555
Nc_Supercontig_12.1	8200000	8300000	4731
Nc_Supercontig_12.1	8500000	8600000	8924
Nc_Supercontig_12.1	8600000	8700000	189545
Nc_Supercontig_12.1	8700000	8800000	15819
Nc_Supercontig_12.1	8900000	9000000	7786
Nc_Supercontig_12.1	9000000	9100000	6437
Nc_Supercontig_12.1	9100000	9200000	6943
Nc_Supercontig_12.1	9300000	9400000	6416
Nc_Supercontig_12.1	9500000	9600000	8958
Nc_Supercontig_12.1	9600000	9700000	5304
Nc_Supercontig_12.1	0	100000	11041
Nc_Supercontig_12.1	400000	500000	13387
Nc_Supercontig_12.1	800000	900000	5816
Nc_Supercontig_12.1	1200000	1300000	3908
Nc_Supercontig_12.1	1600000	1700000	6560
Nc_Supercontig_12.1	2100000	2200000	5327
Nc_Supercontig_12.1	2500000	2600000	59746
Nc_Supercontig_12.1	2900000	3000000	7630
Nc_Supercontig_12.1	3300000	3400000	5560
Nc_Supercontig_12.1	3700000	3800000	2566
Nc_Supercontig_12.1	4200000	4300000	4326
Nc_Supercontig_12.1	4600000	4700000	4842
Nc_Supercontig_12.1	5000000	5100000	3216
Nc_Supercontig_12.1	5400000	5500000	9666
Nc_Supercontig_12.1	5900000	6000000	2336
Nc_Supercontig_12.1	6300000	6400000	8329
Nc_Supercontig_12.1	6700000	6800000	4996
Nc_Supercontig_12.1	7100000	7200000	21338
Nc_Supercontig_12.1	7500000	7600000	7619
Nc_Supercontig_12.1	8000000	8100000	9569
Nc_Supercontig_12.1	8400000	8500000	8961
Nc_Supercontig_12.1	8800000	8900000	52462
Nc_Supercontig_12.1	9200000	9300000	9361
Nc_Supercontig_12.1	9700000	9798893	6323
Nc_Supercontig_12.10	0	100000	862
Nc_Supercontig_12.10	100000	125404	190
Nc_Supercontig_12.11	0	31696	301
Nc_Supercontig_12.12	0	19714	6248
Nc_Supercontig_12.13	0	13515	94
Nc_Supercontig_12.14	0	11565	94
Nc_Supercontig_12.15	0	9397	1869
Nc_Supercontig_12.16	0	8983	3667
Nc_Supercontig_12.17	0	6701	60
Nc_Supercontig_12.18	0	6309	3026
Nc_Supercontig_12.19	0	4755	1031
Nc_Supercontig_12.2	1000000	1100000	3646
Nc_Supercontig_12.2	2000000	2100000	7496
Nc_Supercontig_12.2	3100000	3200000	11029
Nc_Supercontig_12.2	4100000	4200000	42646
Nc_Supercontig_12.2	100000	200000	149833
Nc_Supercontig_12.2	200000	300000	4450
Nc_Supercontig_12.2	300000	400000	13600
Nc_Supercontig_12.2	500000	600000	19353
Nc_Supercontig_12.2	600000	700000	5624
Nc_Supercontig_12.2	700000	800000	21718
Nc_Supercontig_12.2	900000	1000000	162097
Nc_Supercontig_12.2	1100000	1200000	10127
Nc_Supercontig_12.2	1300000	1400000	2359
Nc_Supercontig_12.2	1400000	1500000	228072
Nc_Supercontig_12.2	1500000	1600000	127614
Nc_Supercontig_12.2	1700000	1800000	5992
Nc_Supercontig_12.2	1800000	1900000	19625
Nc_Supercontig_12.2	1900000	2000000	5864
Nc_Supercontig_12.2	2200000	2300000	9953
Nc_Supercontig_12.2	2300000	2400000	3072
Nc_Supercontig_12.2	2400000	2500000	53824
Nc_Supercontig_12.2	2600000	2700000	5370
Nc_Supercontig_12.2	2700000	2800000	4926
Nc_Supercontig_12.2	2800000	2900000	5054
Nc_Supercontig_12.2	3000000	3100000	477468
Nc_Supercontig_12.2	3200000	3300000	6989
Nc_Supercontig_12.2	3400000	3500000	54110
Nc_Supercontig_12.2	3500000	3600000	25871
Nc_Supercontig_12.2	3600000	3700000	950
Nc_Supercontig_12.2	3800000	3900000	10716
Nc_Supercontig_12.2	3900000	4000000	2761
Nc_Supercontig_12.2	4000000	4100000	7309
Nc_Supercontig_12.2	4300000	4400000	9076
Nc_Supercontig_12.2	4400000	4478683	54084
Nc_Supercontig_12.2	0	100000	18334
Nc_Supercontig_12.2	400000	500000	35188
Nc_Supercontig_12.2	800000	900000	9863
Nc_Supercontig_12.2	1200000	1300000	1938
Nc_Supercontig_12.2	1600000	1700000	4162
Nc_Supercontig_12.2	2100000	2200000	1796
Nc_Supercontig_12.2	2500000	2600000	5020
Nc_Supercontig_12.2	2900000	3000000	3553
Nc_Supercontig_12.2	3300000	3400000	3746
Nc_Supercontig_12.2	3700000	3800000	17315
Nc_Supercontig_12.2	4200000	4300000	16982
Nc_Supercontig_12.20	0	1646	657900
Nc_Supercontig_12.3	1000000	1100000	3062
Nc_Supercontig_12.3	2000000	2100000	4332
Nc_Supercontig_12.3	3100000	3200000	4007
Nc_Supercontig_12.3	4100000	4200000	4783
Nc_Supercontig_12.3	5200000	5274802	12366
Nc_Supercontig_12.3	100000	200000	48552
Nc_Supercontig_12.3	200000	300000	56737
Nc_Supercontig_12.3	300000	400000	16937
Nc_Supercontig_12.3	500000	600000	11460
Nc_Supercontig_12.3	600000	700000	4899
Nc_Supercontig_12.3	700000	800000	1174
Nc_Supercontig_12.3	900000	1000000	7618
Nc_Supercontig_12.3	1100000	1200000	8644
Nc_Supercontig_12.3	1300000	1400000	64985
Nc_Supercontig_12.3	1400000	1500000	3515
Nc_Supercontig_12.3	1500000	1600000	10170
Nc_Supercontig_12.3	1700000	1800000	4463
Nc_Supercontig_12.3	1800000	1900000	4403
Nc_Supercontig_12.3	1900000	2000000	4977
Nc_Supercontig_12.3	2200000	2300000	2199
Nc_Supercontig_12.3	2300000	2400000	9389
Nc_Supercontig_12.3	2400000	2500000	4655
Nc_Supercontig_12.3	2600000	2700000	4277
Nc_Supercontig_12.3	2700000	2800000	11376
Nc_Supercontig_12.3	2800000	2900000	2353
Nc_Supercontig_12.3	3000000	3100000	12716
Nc_Supercontig_12.3	3200000	3300000	12011
Nc_Supercontig_12.3	3400000	3500000	5217
Nc_Supercontig_12.3	3500000	3600000	5715
Nc_Supercontig_12.3	3600000	3700000	4913
Nc_Supercontig_12.3	3800000	3900000	3789
Nc_Supercontig_12.3	3900000	4000000	5666
Nc_Supercontig_12.3	4000000	4100000	3833
Nc_Supercontig_12.3	4300000	4400000	18214
Nc_Supercontig_12.3	4400000	4500000	57678
Nc_Supercontig_12.3	4500000	4600000	6513
Nc_Supercontig_12.3	4700000	4800000	158184
Nc_Supercontig_12.3	4800000	4900000	71197
Nc_Supercontig_12.3	4900000	5000000	44207
Nc_Supercontig_12.3	5100000	5200000	19085
Nc_Supercontig_12.3	0	100000	7862
Nc_Supercontig_12.3	400000	500000	29350
Nc_Supercontig_12.3	800000	900000	1485
Nc_Supercontig_12.3	1200000	1300000	3279
Nc_Supercontig_12.3	1600000	1700000	6918
Nc_Supercontig_12.3	2100000	2200000	6241
Nc_Supercontig_12.3	2500000	2600000	8664
Nc_Supercontig_12.3	2900000	3000000	13218
Nc_Supercontig_12.3	3300000	3400000	11372
Nc_Supercontig_12.3	3700000	3800000	3383
Nc_Supercontig_12.3	4200000	4300000	3816
Nc_Supercontig_12.3	4600000	4700000	211809
Nc_Supercontig_12.3	5000000	5100000	31966
Nc_Supercontig_12.4	1000000	1100000	5529
Nc_Supercontig_12.4	2000000	2100000	2391
Nc_Supercontig_12.4	3100000	3200000	5108
Nc_Supercontig_12.4	4100000	4200000	218996
Nc_Supercontig_12.4	5200000	5300000	4352
Nc_Supercontig_12.4	100000	200000	19896
Nc_Supercontig_12.4	200000	300000	121871
Nc_Supercontig_12.4	300000	400000	164126
Nc_Supercontig_12.4	500000	600000	155594
Nc_Supercontig_12.4	600000	700000	111541
Nc_Supercontig_12.4	700000	800000	104162
Nc_Supercontig_12.4	900000	1000000	2337
Nc_Supercontig_12.4	1100000	1200000	8175
Nc_Supercontig_12.4	1300000	1400000	4407
Nc_Supercontig_12.4	1400000	1500000	170995
Nc_Supercontig_12.4	1500000	1600000	74313
Nc_Supercontig_12.4	1700000	1800000	30510
Nc_Supercontig_12.4	1800000	1900000	40785
Nc_Supercontig_12.4	1900000	2000000	5676
Nc_Supercontig_12.4	2200000	2300000	28630
Nc_Supercontig_12.4	2300000	2400000	3803
Nc_Supercontig_12.4	2400000	2500000	3165
Nc_Supercontig_12.4	2600000	2700000	3640
Nc_Supercontig_12.4	2700000	2800000	13344
Nc_Supercontig_12.4	2800000	2900000	33356
Nc_Supercontig_12.4	3000000	3100000	166343
Nc_Supercontig_12.4	3200000	3300000	11537
Nc_Supercontig_12.4	3400000	3500000	35867
Nc_Supercontig_12.4	3500000	3600000	7508
Nc_Supercontig_12.4	3600000	3700000	8704
Nc_Supercontig_12.4	3800000	3900000	6518
Nc_Supercontig_12.4	3900000	4000000	13591
Nc_Supercontig_12.4	4000000	4100000	2814
Nc_Supercontig_12.4	4300000	4400000	162875
Nc_Supercontig_12.4	4400000	4500000	184453
Nc_Supercontig_12.4	4500000	4600000	3944
Nc_Supercontig_12.4	4700000	4800000	38709
Nc_Supercontig_12.4	4800000	4900000	7401
Nc_Supercontig_12.4	4900000	5000000	6383
Nc_Supercontig_12.4	5100000	5200000	79287
Nc_Supercontig_12.4	5300000	5400000	163764
Nc_Supercontig_12.4	5500000	5600000	5360
Nc_Supercontig_12.4	5600000	5700000	7675
Nc_Supercontig_12.4	5700000	5800000	18016
Nc_Supercontig_12.4	5800000	5900000	44623
Nc_Supercontig_12.4	0	100000	9202
Nc_Supercontig_12.4	400000	500000	144350
Nc_Supercontig_12.4	800000	900000	17387
Nc_Supercontig_12.4	1200000	1300000	4459
Nc_Supercontig_12.4	1600000	1700000	12028
Nc_Supercontig_12.4	2100000	2200000	9274
Nc_Supercontig_12.4	2500000	2600000	5511
Nc_Supercontig_12.4	2900000	3000000	3709
Nc_Supercontig_12.4	3300000	3400000	5765
Nc_Supercontig_12.4	3700000	3800000	6556
Nc_Supercontig_12.4	4200000	4300000	11950
Nc_Supercontig_12.4	4600000	4700000	7225
Nc_Supercontig_12.4	5000000	5100000	205964
Nc_Supercontig_12.4	5400000	5500000	4691
Nc_Supercontig_12.4	5900000	6000000	13548
Nc_Supercontig_12.4	6000000	6000761	380
Nc_Supercontig_12.5	1000000	1100000	3014
Nc_Supercontig_12.5	2000000	2100000	4449
Nc_Supercontig_12.5	3100000	3200000	32256
Nc_Supercontig_12.5	4100000	4200000	5520
Nc_Supercontig_12.5	5200000	5300000	4119
Nc_Supercontig_12.5	6200000	6300000	73801
Nc_Supercontig_12.5	100000	200000	27361
Nc_Supercontig_12.5	200000	300000	77731
Nc_Supercontig_12.5	300000	400000	95280
Nc_Supercontig_12.5	500000	600000	46033
Nc_Supercontig_12.5	600000	700000	166582
Nc_Supercontig_12.5	700000	800000	23697
Nc_Supercontig_12.5	900000	1000000	1369
Nc_Supercontig_12.5	1100000	1200000	1683
Nc_Supercontig_12.5	1300000	1400000	12819
Nc_Supercontig_12.5	1400000	1500000	8044
Nc_Supercontig_12.5	1500000	1600000	30404
Nc_Supercontig_12.5	1700000	1800000	24165
Nc_Supercontig_12.5	1800000	1900000	7480
Nc_Supercontig_12.5	1900000	2000000	3869
Nc_Supercontig_12.5	2200000	2300000	4206
Nc_Supercontig_12.5	2300000	2400000	9363
Nc_Supercontig_12.5	2400000	2500000	3786
Nc_Supercontig_12.5	2600000	2700000	10524
Nc_Supercontig_12.5	2700000	2800000	60327
Nc_Supercontig_12.5	2800000	2900000	85930
Nc_Supercontig_12.5	3000000	3100000	8435
Nc_Supercontig_12.5	3200000	3300000	40128
Nc_Supercontig_12.5	3400000	3500000	11204
Nc_Supercontig_12.5	3500000	3600000	6158
Nc_Supercontig_12.5	3600000	3700000	8666
Nc_Supercontig_12.5	3800000	3900000	36290
Nc_Supercontig_12.5	3900000	4000000	8081
Nc_Supercontig_12.5	4000000	4100000	7806
Nc_Supercontig_12.5	4300000	4400000	22092
Nc_Supercontig_12.5	4400000	4500000	5295
Nc_Supercontig_12.5	4500000	4600000	4073
Nc_Supercontig_12.5	4700000	4800000	3614
Nc_Supercontig_12.5	4800000	4900000	4338
Nc_Supercontig_12.5	4900000	5000000	21531
Nc_Supercontig_12.5	5100000	5200000	6207
Nc_Supercontig_12.5	5300000	5400000	3828
Nc_Supercontig_12.5	5500000	5600000	7845
Nc_Supercontig_12.5	5600000	5700000	2298
Nc_Supercontig_12.5	5700000	5800000	12000
Nc_Supercontig_12.5	5800000	5900000	20631
Nc_Supercontig_12.5	6000000	6100000	30119
Nc_Supercontig_12.5	6100000	6200000	17808
Nc_Supercontig_12.5	6400000	6436246	89807
Nc_Supercontig_12.5	0	100000	24666
Nc_Supercontig_12.5	400000	500000	183239
Nc_Supercontig_12.5	800000	900000	10595
Nc_Supercontig_12.5	1200000	1300000	10993
Nc_Supercontig_12.5	1600000	1700000	9428
Nc_Supercontig_12.5	2100000	2200000	4324
Nc_Supercontig_12.5	2500000	2600000	5581
Nc_Supercontig_12.5	2900000	3000000	53063
Nc_Supercontig_12.5	3300000	3400000	27603
Nc_Supercontig_12.5	3700000	3800000	3429
Nc_Supercontig_12.5	4200000	4300000	3679
Nc_Supercontig_12.5	4600000	4700000	9411
Nc_Supercontig_12.5	5000000	5100000	4569
Nc_Supercontig_12.5	5400000	5500000	4493
Nc_Supercontig_12.5	5900000	6000000	20150
Nc_Supercontig_12.5	6300000	6400000	13714
Nc_Supercontig_12.6	1000000	1100000	36885
Nc_Supercontig_12.6	2000000	2100000	3665
Nc_Supercontig_12.6	3100000	3200000	14232
Nc_Supercontig_12.6	4100000	4200000	4111
Nc_Supercontig_12.6	100000	200000	6664
Nc_Supercontig_12.6	200000	300000	186110
Nc_Supercontig_12.6	300000	400000	73344
Nc_Supercontig_12.6	500000	600000	34588
Nc_Supercontig_12.6	600000	700000	82697
Nc_Supercontig_12.6	700000	800000	10547
Nc_Supercontig_12.6	900000	1000000	5319
Nc_Supercontig_12.6	1100000	1200000	38851
Nc_Supercontig_12.6	1300000	1400000	23843
Nc_Supercontig_12.6	1400000	1500000	14690
Nc_Supercontig_12.6	1500000	1600000	35417
Nc_Supercontig_12.6	1700000	1800000	32923
Nc_Supercontig_12.6	1800000	1900000	4352
Nc_Supercontig_12.6	1900000	2000000	11602
Nc_Supercontig_12.6	2200000	2300000	161007
Nc_Supercontig_12.6	2300000	2400000	3459
Nc_Supercontig_12.6	2400000	2500000	3323
Nc_Supercontig_12.6	2600000	2700000	41354
Nc_Supercontig_12.6	2700000	2800000	4260
Nc_Supercontig_12.6	2800000	2900000	813
Nc_Supercontig_12.6	3000000	3100000	1947
Nc_Supercontig_12.6	3200000	3300000	8306
Nc_Supercontig_12.6	3400000	3500000	25046
Nc_Supercontig_12.6	3500000	3600000	15107
Nc_Supercontig_12.6	3600000	3700000	11036
Nc_Supercontig_12.6	3800000	3900000	8409
Nc_Supercontig_12.6	3900000	4000000	180954
Nc_Supercontig_12.6	4000000	4100000	21129
Nc_Supercontig_12.6	0	100000	20380
Nc_Supercontig_12.6	400000	500000	240673
Nc_Supercontig_12.6	800000	900000	11412
Nc_Supercontig_12.6	1200000	1300000	13827
Nc_Supercontig_12.6	1600000	1700000	30814
Nc_Supercontig_12.6	2100000	2200000	6859
Nc_Supercontig_12.6	2500000	2600000	12729
Nc_Supercontig_12.6	2900000	3000000	1861
Nc_Supercontig_12.6	3300000	3400000	9151
Nc_Supercontig_12.6	3700000	3800000	24360
Nc_Supercontig_12.6	4200000	4218384	2844
Nc_Supercontig_12.7	1000000	1100000	5021
Nc_Supercontig_12.7	2000000	2100000	7911
Nc_Supercontig_12.7	3100000	3200000	5291
Nc_Supercontig_12.7	4100000	4200000	4438
Nc_Supercontig_12.7	100000	200000	14956
Nc_Supercontig_12.7	200000	300000	36813
Nc_Supercontig_12.7	300000	400000	18219
Nc_Supercontig_12.7	500000	600000	6811
Nc_Supercontig_12.7	600000	700000	98230
Nc_Supercontig_12.7	700000	800000	13858
Nc_Supercontig_12.7	900000	1000000	227217
Nc_Supercontig_12.7	1100000	1200000	3341
Nc_Supercontig_12.7	1300000	1400000	39963
Nc_Supercontig_12.7	1400000	1500000	9791
Nc_Supercontig_12.7	1500000	1600000	8598
Nc_Supercontig_12.7	1700000	1800000	24031
Nc_Supercontig_12.7	1800000	1900000	3567
Nc_Supercontig_12.7	1900000	2000000	32607
Nc_Supercontig_12.7	2200000	2300000	2358
Nc_Supercontig_12.7	2300000	2400000	1991
Nc_Supercontig_12.7	2400000	2500000	2929
Nc_Supercontig_12.7	2600000	2700000	54301
Nc_Supercontig_12.7	2700000	2800000	6465
Nc_Supercontig_12.7	2800000	2900000	35918
Nc_Supercontig_12.7	3000000	3100000	4686
Nc_Supercontig_12.7	3200000	3300000	3612
Nc_Supercontig_12.7	3400000	3500000	7613
Nc_Supercontig_12.7	3500000	3600000	444713
Nc_Supercontig_12.7	3600000	3700000	5830
Nc_Supercontig_12.7	3800000	3900000	8237
Nc_Supercontig_12.7	3900000	4000000	14464
Nc_Supercontig_12.7	4000000	4100000	48491
Nc_Supercontig_12.7	0	100000	158947
Nc_Supercontig_12.7	400000	500000	20396
Nc_Supercontig_12.7	800000	900000	44242
Nc_Supercontig_12.7	1200000	1300000	9564
Nc_Supercontig_12.7	1600000	1700000	165649
Nc_Supercontig_12.7	2100000	2200000	2592
Nc_Supercontig_12.7	2500000	2600000	4516
Nc_Supercontig_12.7	2900000	3000000	24276
Nc_Supercontig_12.7	3300000	3400000	15134
Nc_Supercontig_12.7	3700000	3800000	16193
Nc_Supercontig_12.7	4200000	4255303	7072
Nc_Supercontig_12.8	100000	192308	142571
Nc_Supercontig_12.8	0	100000	8873916
Nc_Supercontig_12.9	100000	142473	64627
Nc_Supercontig_12.9	0	100000	96978
