Nc_Supercontig_12.1	0	100000	0.085820
Nc_Supercontig_12.1	100000	200000	0.223380
Nc_Supercontig_12.1	200000	300000	0.021290
Nc_Supercontig_12.1	300000	400000	0.207920
Nc_Supercontig_12.1	400000	500000	0.258310
Nc_Supercontig_12.1	500000	600000	0.029630
Nc_Supercontig_12.1	600000	700000	0.051440
Nc_Supercontig_12.1	700000	800000	0.071570
Nc_Supercontig_12.1	800000	900000	0.044250
Nc_Supercontig_12.1	900000	1000000	1.224290
Nc_Supercontig_12.1	1000000	1100000	0.060480
Nc_Supercontig_12.1	1100000	1200000	0.103430
Nc_Supercontig_12.1	1200000	1300000	0.048940
Nc_Supercontig_12.1	1300000	1400000	0.030610
Nc_Supercontig_12.1	1400000	1500000	0.039870
Nc_Supercontig_12.1	1500000	1600000	0.687590
Nc_Supercontig_12.1	1600000	1700000	0.084310
Nc_Supercontig_12.1	1700000	1800000	0.142260
Nc_Supercontig_12.1	1800000	1900000	0.173080
Nc_Supercontig_12.1	1900000	2000000	0.040330
Nc_Supercontig_12.1	2000000	2100000	0.179600
Nc_Supercontig_12.1	2100000	2200000	0.065420
Nc_Supercontig_12.1	2200000	2300000	2.792640
Nc_Supercontig_12.1	2300000	2400000	0.555410
Nc_Supercontig_12.1	2400000	2500000	0.398430
Nc_Supercontig_12.1	2500000	2600000	0.787700
Nc_Supercontig_12.1	2600000	2700000	0.053050
Nc_Supercontig_12.1	2700000	2800000	0.063890
Nc_Supercontig_12.1	2800000	2900000	0.154610
Nc_Supercontig_12.1	2900000	3000000	0.102670
Nc_Supercontig_12.1	3000000	3100000	0.043430
Nc_Supercontig_12.1	3100000	3200000	0.095250
Nc_Supercontig_12.1	3200000	3300000	0.045910
Nc_Supercontig_12.1	3300000	3400000	0.060290
Nc_Supercontig_12.1	3400000	3500000	0.046550
Nc_Supercontig_12.1	3500000	3600000	0.036900
Nc_Supercontig_12.1	3600000	3700000	0.018270
Nc_Supercontig_12.1	3700000	3800000	0.020960
Nc_Supercontig_12.1	3800000	3900000	0.007610
Nc_Supercontig_12.1	3900000	4000000	0.017150
Nc_Supercontig_12.1	4000000	4100000	0.010240
Nc_Supercontig_12.1	4100000	4200000	0.052200
Nc_Supercontig_12.1	4200000	4300000	0.062620
Nc_Supercontig_12.1	4300000	4400000	0.028930
Nc_Supercontig_12.1	4400000	4500000	0.181340
Nc_Supercontig_12.1	4500000	4600000	0.430000
Nc_Supercontig_12.1	4600000	4700000	0.072730
Nc_Supercontig_12.1	4700000	4800000	0.061260
Nc_Supercontig_12.1	4800000	4900000	0.068830
Nc_Supercontig_12.1	4900000	5000000	0.272140
Nc_Supercontig_12.1	5000000	5100000	0.031780
Nc_Supercontig_12.1	5100000	5200000	0.164520
Nc_Supercontig_12.1	5200000	5300000	0.124190
Nc_Supercontig_12.1	5300000	5400000	0.046180
Nc_Supercontig_12.1	5400000	5500000	0.168920
Nc_Supercontig_12.1	5500000	5600000	0.062150
Nc_Supercontig_12.1	5600000	5700000	2.786560
Nc_Supercontig_12.1	5700000	5800000	0.068070
Nc_Supercontig_12.1	5800000	5900000	0.458510
Nc_Supercontig_12.1	5900000	6000000	0.036790
Nc_Supercontig_12.1	6000000	6100000	0.078730
Nc_Supercontig_12.1	6100000	6200000	0.054520
Nc_Supercontig_12.1	6200000	6300000	0.071270
Nc_Supercontig_12.1	6300000	6400000	0.168350
Nc_Supercontig_12.1	6400000	6500000	2.811920
Nc_Supercontig_12.1	6500000	6600000	0.119590
Nc_Supercontig_12.1	6600000	6700000	0.054280
Nc_Supercontig_12.1	6700000	6800000	0.128710
Nc_Supercontig_12.1	6800000	6900000	2.732320
Nc_Supercontig_12.1	6900000	7000000	0.741720
Nc_Supercontig_12.1	7000000	7100000	0.089640
Nc_Supercontig_12.1	7100000	7200000	0.428160
Nc_Supercontig_12.1	7200000	7300000	0.026590
Nc_Supercontig_12.1	7300000	7400000	0.053260
Nc_Supercontig_12.1	7400000	7500000	0.039000
Nc_Supercontig_12.1	7500000	7600000	0.157610
Nc_Supercontig_12.1	7600000	7700000	0.145800
Nc_Supercontig_12.1	7700000	7800000	0.047420
Nc_Supercontig_12.1	7800000	7900000	0.041350
Nc_Supercontig_12.1	7900000	8000000	0.249540
Nc_Supercontig_12.1	8000000	8100000	0.075260
Nc_Supercontig_12.1	8100000	8200000	0.556900
Nc_Supercontig_12.1	8200000	8300000	0.064710
Nc_Supercontig_12.1	8300000	8400000	0.174230
Nc_Supercontig_12.1	8400000	8500000	0.144760
Nc_Supercontig_12.1	8500000	8600000	0.067230
Nc_Supercontig_12.1	8600000	8700000	2.900260
Nc_Supercontig_12.1	8700000	8800000	0.140500
Nc_Supercontig_12.1	8800000	8900000	0.126580
Nc_Supercontig_12.1	8900000	9000000	0.104280
Nc_Supercontig_12.1	9000000	9100000	0.081910
Nc_Supercontig_12.1	9100000	9200000	0.111110
Nc_Supercontig_12.1	9200000	9300000	0.058690
Nc_Supercontig_12.1	9300000	9400000	0.067820
Nc_Supercontig_12.1	9400000	9500000	0.079960
Nc_Supercontig_12.1	9500000	9600000	0.199820
Nc_Supercontig_12.1	9600000	9700000	0.049600
Nc_Supercontig_12.1	9700000	9798893	0.042642
Nc_Supercontig_12.10	0	100000	0.006490
Nc_Supercontig_12.10	100000	125404	0.005432
Nc_Supercontig_12.11	0	31696	0.006184
Nc_Supercontig_12.12	0	19714	0.297910
Nc_Supercontig_12.13	0	13515	0.006363
Nc_Supercontig_12.14	0	11565	0.003632
Nc_Supercontig_12.15	0	9397	0.160583
Nc_Supercontig_12.16	0	8983	0.329066
Nc_Supercontig_12.17	0	6701	0.004328
Nc_Supercontig_12.18	0	6309	0.435885
Nc_Supercontig_12.19	0	4755	0.185279
Nc_Supercontig_12.2	0	100000	0.073680
Nc_Supercontig_12.2	100000	200000	0.031940
Nc_Supercontig_12.2	200000	300000	0.054800
Nc_Supercontig_12.2	300000	400000	0.057800
Nc_Supercontig_12.2	400000	500000	0.313330
Nc_Supercontig_12.2	500000	600000	0.062250
Nc_Supercontig_12.2	600000	700000	0.044600
Nc_Supercontig_12.2	700000	800000	0.302540
Nc_Supercontig_12.2	800000	900000	0.085920
Nc_Supercontig_12.2	900000	1000000	2.970530
Nc_Supercontig_12.2	1000000	1100000	0.039330
Nc_Supercontig_12.2	1100000	1200000	0.006670
Nc_Supercontig_12.2	1200000	1300000	0.006540
Nc_Supercontig_12.2	1300000	1400000	0.016350
Nc_Supercontig_12.2	1400000	1500000	2.717990
Nc_Supercontig_12.2	1500000	1600000	0.784360
Nc_Supercontig_12.2	1600000	1700000	0.036490
Nc_Supercontig_12.2	1700000	1800000	0.075070
Nc_Supercontig_12.2	1800000	1900000	0.204150
Nc_Supercontig_12.2	1900000	2000000	0.065590
Nc_Supercontig_12.2	2000000	2100000	0.101440
Nc_Supercontig_12.2	2100000	2200000	0.021150
Nc_Supercontig_12.2	2200000	2300000	0.080350
Nc_Supercontig_12.2	2300000	2400000	0.031140
Nc_Supercontig_12.2	2400000	2500000	1.097190
Nc_Supercontig_12.2	2500000	2600000	0.075740
Nc_Supercontig_12.2	2600000	2700000	0.048550
Nc_Supercontig_12.2	2700000	2800000	0.075760
Nc_Supercontig_12.2	2800000	2900000	0.069350
Nc_Supercontig_12.2	2900000	3000000	0.031550
Nc_Supercontig_12.2	3000000	3100000	3.874910
Nc_Supercontig_12.2	3100000	3200000	0.229190
Nc_Supercontig_12.2	3200000	3300000	0.135060
Nc_Supercontig_12.2	3300000	3400000	0.054570
Nc_Supercontig_12.2	3400000	3500000	0.090090
Nc_Supercontig_12.2	3500000	3600000	0.414380
Nc_Supercontig_12.2	3600000	3700000	0.004040
Nc_Supercontig_12.2	3700000	3800000	0.296370
Nc_Supercontig_12.2	3800000	3900000	0.169250
Nc_Supercontig_12.2	3900000	4000000	0.027760
Nc_Supercontig_12.2	4000000	4100000	0.061380
Nc_Supercontig_12.2	4100000	4200000	0.049020
Nc_Supercontig_12.2	4200000	4300000	0.442370
Nc_Supercontig_12.2	4300000	4400000	0.049490
Nc_Supercontig_12.2	4400000	4478683	1.147580
Nc_Supercontig_12.20	0	1646	311.706561
Nc_Supercontig_12.3	0	100000	0.064810
Nc_Supercontig_12.3	100000	200000	0.041890
Nc_Supercontig_12.3	200000	300000	0.407220
Nc_Supercontig_12.3	300000	400000	0.176660
Nc_Supercontig_12.3	400000	500000	0.017100
Nc_Supercontig_12.3	500000	600000	0.031010
Nc_Supercontig_12.3	600000	700000	0.045560
Nc_Supercontig_12.3	700000	800000	0.006600
Nc_Supercontig_12.3	800000	900000	0.006720
Nc_Supercontig_12.3	900000	1000000	0.082000
Nc_Supercontig_12.3	1000000	1100000	0.034000
Nc_Supercontig_12.3	1100000	1200000	0.120640
Nc_Supercontig_12.3	1200000	1300000	0.035530
Nc_Supercontig_12.3	1300000	1400000	0.294780
Nc_Supercontig_12.3	1400000	1500000	0.040790
Nc_Supercontig_12.3	1500000	1600000	0.117470
Nc_Supercontig_12.3	1600000	1700000	0.129790
Nc_Supercontig_12.3	1700000	1800000	0.048070
Nc_Supercontig_12.3	1800000	1900000	0.059820
Nc_Supercontig_12.3	1900000	2000000	0.074220
Nc_Supercontig_12.3	2000000	2100000	0.060670
Nc_Supercontig_12.3	2100000	2200000	0.114170
Nc_Supercontig_12.3	2200000	2300000	0.021080
Nc_Supercontig_12.3	2300000	2400000	0.055710
Nc_Supercontig_12.3	2400000	2500000	0.048520
Nc_Supercontig_12.3	2500000	2600000	0.121230
Nc_Supercontig_12.3	2600000	2700000	0.053690
Nc_Supercontig_12.3	2700000	2800000	0.142890
Nc_Supercontig_12.3	2800000	2900000	0.028550
Nc_Supercontig_12.3	2900000	3000000	0.251900
Nc_Supercontig_12.3	3000000	3100000	0.357950
Nc_Supercontig_12.3	3100000	3200000	0.045860
Nc_Supercontig_12.3	3200000	3300000	0.137810
Nc_Supercontig_12.3	3300000	3400000	0.142040
Nc_Supercontig_12.3	3400000	3500000	0.043800
Nc_Supercontig_12.3	3500000	3600000	0.053540
Nc_Supercontig_12.3	3600000	3700000	0.056050
Nc_Supercontig_12.3	3700000	3800000	0.046700
Nc_Supercontig_12.3	3800000	3900000	0.053930
Nc_Supercontig_12.3	3900000	4000000	0.095960
Nc_Supercontig_12.3	4000000	4100000	0.050760
Nc_Supercontig_12.3	4100000	4200000	0.047040
Nc_Supercontig_12.3	4200000	4300000	0.049880
Nc_Supercontig_12.3	4300000	4400000	0.266750
Nc_Supercontig_12.3	4400000	4500000	0.383350
Nc_Supercontig_12.3	4500000	4600000	0.041980
Nc_Supercontig_12.3	4600000	4700000	0.244780
Nc_Supercontig_12.3	4700000	4800000	0.049350
Nc_Supercontig_12.3	4800000	4900000	0.023210
Nc_Supercontig_12.3	4900000	5000000	0.186010
Nc_Supercontig_12.3	5000000	5100000	0.060400
Nc_Supercontig_12.3	5100000	5200000	0.176690
Nc_Supercontig_12.3	5200000	5274802	0.101053
Nc_Supercontig_12.4	0	100000	0.067270
Nc_Supercontig_12.4	100000	200000	0.019660
Nc_Supercontig_12.4	200000	300000	0.041220
Nc_Supercontig_12.4	300000	400000	0.011120
Nc_Supercontig_12.4	400000	500000	0.036490
Nc_Supercontig_12.4	500000	600000	0.027250
Nc_Supercontig_12.4	600000	700000	0.098530
Nc_Supercontig_12.4	700000	800000	0.087440
Nc_Supercontig_12.4	800000	900000	0.062770
Nc_Supercontig_12.4	900000	1000000	0.007160
Nc_Supercontig_12.4	1000000	1100000	0.071550
Nc_Supercontig_12.4	1100000	1200000	0.066870
Nc_Supercontig_12.4	1200000	1300000	0.051380
Nc_Supercontig_12.4	1300000	1400000	0.052670
Nc_Supercontig_12.4	1400000	1500000	2.917370
Nc_Supercontig_12.4	1500000	1600000	0.427570
Nc_Supercontig_12.4	1600000	1700000	0.073220
Nc_Supercontig_12.4	1700000	1800000	0.070550
Nc_Supercontig_12.4	1800000	1900000	0.713290
Nc_Supercontig_12.4	1900000	2000000	0.095240
Nc_Supercontig_12.4	2000000	2100000	0.029580
Nc_Supercontig_12.4	2100000	2200000	0.239560
Nc_Supercontig_12.4	2200000	2300000	0.455820
Nc_Supercontig_12.4	2300000	2400000	0.032470
Nc_Supercontig_12.4	2400000	2500000	0.039830
Nc_Supercontig_12.4	2500000	2600000	0.085510
Nc_Supercontig_12.4	2600000	2700000	0.048510
Nc_Supercontig_12.4	2700000	2800000	0.232370
Nc_Supercontig_12.4	2800000	2900000	0.605130
Nc_Supercontig_12.4	2900000	3000000	0.037280
Nc_Supercontig_12.4	3000000	3100000	2.739500
Nc_Supercontig_12.4	3100000	3200000	0.072040
Nc_Supercontig_12.4	3200000	3300000	0.188000
Nc_Supercontig_12.4	3300000	3400000	0.058310
Nc_Supercontig_12.4	3400000	3500000	0.063110
Nc_Supercontig_12.4	3500000	3600000	0.075710
Nc_Supercontig_12.4	3600000	3700000	0.070620
Nc_Supercontig_12.4	3700000	3800000	0.032820
Nc_Supercontig_12.4	3800000	3900000	0.054940
Nc_Supercontig_12.4	3900000	4000000	0.248680
Nc_Supercontig_12.4	4000000	4100000	0.024890
Nc_Supercontig_12.4	4100000	4200000	3.881550
Nc_Supercontig_12.4	4200000	4300000	0.008740
Nc_Supercontig_12.4	4300000	4400000	3.018120
Nc_Supercontig_12.4	4400000	4500000	3.896130
Nc_Supercontig_12.4	4500000	4600000	0.046960
Nc_Supercontig_12.4	4600000	4700000	0.062700
Nc_Supercontig_12.4	4700000	4800000	0.821470
Nc_Supercontig_12.4	4800000	4900000	0.129620
Nc_Supercontig_12.4	4900000	5000000	0.090430
Nc_Supercontig_12.4	5000000	5100000	0.201420
Nc_Supercontig_12.4	5100000	5200000	1.020090
Nc_Supercontig_12.4	5200000	5300000	0.032800
Nc_Supercontig_12.4	5300000	5400000	2.876940
Nc_Supercontig_12.4	5400000	5500000	0.067280
Nc_Supercontig_12.4	5500000	5600000	0.074090
Nc_Supercontig_12.4	5600000	5700000	0.085990
Nc_Supercontig_12.4	5700000	5800000	0.278960
Nc_Supercontig_12.4	5800000	5900000	0.046690
Nc_Supercontig_12.4	5900000	6000000	0.043080
Nc_Supercontig_12.4	6000000	6000761	0.273325
Nc_Supercontig_12.5	0	100000	0.144960
Nc_Supercontig_12.5	100000	200000	0.064590
Nc_Supercontig_12.5	200000	300000	0.031720
Nc_Supercontig_12.5	300000	400000	0.253930
Nc_Supercontig_12.5	400000	500000	2.842120
Nc_Supercontig_12.5	500000	600000	0.023750
Nc_Supercontig_12.5	600000	700000	2.808440
Nc_Supercontig_12.5	700000	800000	0.178730
Nc_Supercontig_12.5	800000	900000	0.116190
Nc_Supercontig_12.5	900000	1000000	0.005970
Nc_Supercontig_12.5	1000000	1100000	0.007120
Nc_Supercontig_12.5	1100000	1200000	0.006400
Nc_Supercontig_12.5	1200000	1300000	0.090520
Nc_Supercontig_12.5	1300000	1400000	0.210250
Nc_Supercontig_12.5	1400000	1500000	0.075340
Nc_Supercontig_12.5	1500000	1600000	0.250360
Nc_Supercontig_12.5	1600000	1700000	0.061610
Nc_Supercontig_12.5	1700000	1800000	0.175760
Nc_Supercontig_12.5	1800000	1900000	0.126450
Nc_Supercontig_12.5	1900000	2000000	0.037870
Nc_Supercontig_12.5	2000000	2100000	0.057400
Nc_Supercontig_12.5	2100000	2200000	0.049210
Nc_Supercontig_12.5	2200000	2300000	0.088590
Nc_Supercontig_12.5	2300000	2400000	0.230620
Nc_Supercontig_12.5	2400000	2500000	0.053300
Nc_Supercontig_12.5	2500000	2600000	0.083640
Nc_Supercontig_12.5	2600000	2700000	0.131190
Nc_Supercontig_12.5	2700000	2800000	1.367210
Nc_Supercontig_12.5	2800000	2900000	1.504260
Nc_Supercontig_12.5	2900000	3000000	1.069480
Nc_Supercontig_12.5	3000000	3100000	0.118500
Nc_Supercontig_12.5	3100000	3200000	0.536310
Nc_Supercontig_12.5	3200000	3300000	0.708010
Nc_Supercontig_12.5	3300000	3400000	0.053300
Nc_Supercontig_12.5	3400000	3500000	0.086220
Nc_Supercontig_12.5	3500000	3600000	0.095130
Nc_Supercontig_12.5	3600000	3700000	0.142650
Nc_Supercontig_12.5	3700000	3800000	0.046230
Nc_Supercontig_12.5	3800000	3900000	1.116210
Nc_Supercontig_12.5	3900000	4000000	0.151340
Nc_Supercontig_12.5	4000000	4100000	0.249660
Nc_Supercontig_12.5	4100000	4200000	0.052560
Nc_Supercontig_12.5	4200000	4300000	0.047160
Nc_Supercontig_12.5	4300000	4400000	0.297670
Nc_Supercontig_12.5	4400000	4500000	0.043770
Nc_Supercontig_12.5	4500000	4600000	0.066950
Nc_Supercontig_12.5	4600000	4700000	0.082950
Nc_Supercontig_12.5	4700000	4800000	0.048870
Nc_Supercontig_12.5	4800000	4900000	0.044200
Nc_Supercontig_12.5	4900000	5000000	0.416250
Nc_Supercontig_12.5	5000000	5100000	0.044090
Nc_Supercontig_12.5	5100000	5200000	0.124990
Nc_Supercontig_12.5	5200000	5300000	0.068530
Nc_Supercontig_12.5	5300000	5400000	0.043910
Nc_Supercontig_12.5	5400000	5500000	0.043030
Nc_Supercontig_12.5	5500000	5600000	0.095260
Nc_Supercontig_12.5	5600000	5700000	0.022690
Nc_Supercontig_12.5	5700000	5800000	0.078810
Nc_Supercontig_12.5	5800000	5900000	0.217030
Nc_Supercontig_12.5	5900000	6000000	0.144090
Nc_Supercontig_12.5	6000000	6100000	0.009310
Nc_Supercontig_12.5	6100000	6200000	0.020900
Nc_Supercontig_12.5	6200000	6300000	0.288550
Nc_Supercontig_12.5	6300000	6400000	0.139510
Nc_Supercontig_12.5	6400000	6436246	0.160211
Nc_Supercontig_12.6	0	100000	0.165240
Nc_Supercontig_12.6	100000	200000	0.075000
Nc_Supercontig_12.6	200000	300000	0.046190
Nc_Supercontig_12.6	300000	400000	0.296820
Nc_Supercontig_12.6	400000	500000	0.080490
Nc_Supercontig_12.6	500000	600000	0.599250
Nc_Supercontig_12.6	600000	700000	1.714500
Nc_Supercontig_12.6	700000	800000	0.109320
Nc_Supercontig_12.6	800000	900000	0.050160
Nc_Supercontig_12.6	900000	1000000	0.072810
Nc_Supercontig_12.6	1000000	1100000	0.632320
Nc_Supercontig_12.6	1100000	1200000	0.735300
Nc_Supercontig_12.6	1200000	1300000	0.247330
Nc_Supercontig_12.6	1300000	1400000	0.040190
Nc_Supercontig_12.6	1400000	1500000	0.187950
Nc_Supercontig_12.6	1500000	1600000	0.421990
Nc_Supercontig_12.6	1600000	1700000	0.050270
Nc_Supercontig_12.6	1700000	1800000	0.043130
Nc_Supercontig_12.6	1800000	1900000	0.062280
Nc_Supercontig_12.6	1900000	2000000	0.045810
Nc_Supercontig_12.6	2000000	2100000	0.052770
Nc_Supercontig_12.6	2100000	2200000	0.062330
Nc_Supercontig_12.6	2200000	2300000	2.931970
Nc_Supercontig_12.6	2300000	2400000	0.039420
Nc_Supercontig_12.6	2400000	2500000	0.036690
Nc_Supercontig_12.6	2500000	2600000	0.176020
Nc_Supercontig_12.6	2600000	2700000	0.679750
Nc_Supercontig_12.6	2700000	2800000	0.033800
Nc_Supercontig_12.6	2800000	2900000	0.003720
Nc_Supercontig_12.6	2900000	3000000	0.009320
Nc_Supercontig_12.6	3000000	3100000	0.009280
Nc_Supercontig_12.6	3100000	3200000	0.281510
Nc_Supercontig_12.6	3200000	3300000	0.142120
Nc_Supercontig_12.6	3300000	3400000	0.141210
Nc_Supercontig_12.6	3400000	3500000	0.213140
Nc_Supercontig_12.6	3500000	3600000	0.227910
Nc_Supercontig_12.6	3600000	3700000	0.063400
Nc_Supercontig_12.6	3700000	3800000	0.135500
Nc_Supercontig_12.6	3800000	3900000	0.055590
Nc_Supercontig_12.6	3900000	4000000	3.047630
Nc_Supercontig_12.6	4000000	4100000	0.049410
Nc_Supercontig_12.6	4100000	4200000	0.023410
Nc_Supercontig_12.6	4200000	4218384	0.073869
Nc_Supercontig_12.7	0	100000	2.793610
Nc_Supercontig_12.7	100000	200000	0.062210
Nc_Supercontig_12.7	200000	300000	0.037390
Nc_Supercontig_12.7	300000	400000	0.286230
Nc_Supercontig_12.7	400000	500000	0.328630
Nc_Supercontig_12.7	500000	600000	0.142670
Nc_Supercontig_12.7	600000	700000	0.061740
Nc_Supercontig_12.7	700000	800000	0.132090
Nc_Supercontig_12.7	800000	900000	0.537570
Nc_Supercontig_12.7	900000	1000000	2.948670
Nc_Supercontig_12.7	1000000	1100000	0.036530
Nc_Supercontig_12.7	1100000	1200000	0.047810
Nc_Supercontig_12.7	1200000	1300000	0.127570
Nc_Supercontig_12.7	1300000	1400000	0.235860
Nc_Supercontig_12.7	1400000	1500000	0.200620
Nc_Supercontig_12.7	1500000	1600000	0.107200
Nc_Supercontig_12.7	1600000	1700000	3.089430
Nc_Supercontig_12.7	1700000	1800000	0.402590
Nc_Supercontig_12.7	1800000	1900000	0.042260
Nc_Supercontig_12.7	1900000	2000000	0.808300
Nc_Supercontig_12.7	2000000	2100000	0.148290
Nc_Supercontig_12.7	2100000	2200000	0.019990
Nc_Supercontig_12.7	2200000	2300000	0.007830
Nc_Supercontig_12.7	2300000	2400000	0.008290
Nc_Supercontig_12.7	2400000	2500000	0.033940
Nc_Supercontig_12.7	2500000	2600000	0.050890
Nc_Supercontig_12.7	2600000	2700000	0.925790
Nc_Supercontig_12.7	2700000	2800000	0.075110
Nc_Supercontig_12.7	2800000	2900000	0.553080
Nc_Supercontig_12.7	2900000	3000000	0.259540
Nc_Supercontig_12.7	3000000	3100000	0.047000
Nc_Supercontig_12.7	3100000	3200000	0.067460
Nc_Supercontig_12.7	3200000	3300000	0.034170
Nc_Supercontig_12.7	3300000	3400000	0.261060
Nc_Supercontig_12.7	3400000	3500000	0.050590
Nc_Supercontig_12.7	3500000	3600000	3.352130
Nc_Supercontig_12.7	3600000	3700000	0.080700
Nc_Supercontig_12.7	3700000	3800000	0.111350
Nc_Supercontig_12.7	3800000	3900000	0.175010
Nc_Supercontig_12.7	3900000	4000000	0.088100
Nc_Supercontig_12.7	4000000	4100000	0.038570
Nc_Supercontig_12.7	4100000	4200000	0.036430
Nc_Supercontig_12.7	4200000	4255303	0.065313
Nc_Supercontig_12.8	0	100000	88.981380
Nc_Supercontig_12.8	100000	192308	1.291015
Nc_Supercontig_12.9	0	100000	0.752090
Nc_Supercontig_12.9	100000	142473	1.052810
