Nc_Supercontig_12.1	8300000	8400000	17423
Nc_Supercontig_12.1	1000000	1100000	6048
Nc_Supercontig_12.1	2000000	2100000	17960
Nc_Supercontig_12.1	3100000	3200000	9525
Nc_Supercontig_12.1	4100000	4200000	5220
Nc_Supercontig_12.1	5200000	5300000	12419
Nc_Supercontig_12.1	6200000	6300000	7127
Nc_Supercontig_12.1	7300000	7400000	5326
Nc_Supercontig_12.1	9400000	9500000	7996
Nc_Supercontig_12.1	100000	200000	22338
Nc_Supercontig_12.1	200000	300000	2129
Nc_Supercontig_12.1	300000	400000	20792
Nc_Supercontig_12.1	500000	600000	2963
Nc_Supercontig_12.1	600000	700000	5144
Nc_Supercontig_12.1	700000	800000	7157
Nc_Supercontig_12.1	900000	1000000	122429
Nc_Supercontig_12.1	1100000	1200000	10343
Nc_Supercontig_12.1	1300000	1400000	3061
Nc_Supercontig_12.1	1400000	1500000	3987
Nc_Supercontig_12.1	1500000	1600000	68759
Nc_Supercontig_12.1	1700000	1800000	14226
Nc_Supercontig_12.1	1800000	1900000	17308
Nc_Supercontig_12.1	1900000	2000000	4033
Nc_Supercontig_12.1	2200000	2300000	279264
Nc_Supercontig_12.1	2300000	2400000	55541
Nc_Supercontig_12.1	2400000	2500000	39843
Nc_Supercontig_12.1	2600000	2700000	5305
Nc_Supercontig_12.1	2700000	2800000	6389
Nc_Supercontig_12.1	2800000	2900000	15461
Nc_Supercontig_12.1	3000000	3100000	4343
Nc_Supercontig_12.1	3200000	3300000	4591
Nc_Supercontig_12.1	3400000	3500000	4655
Nc_Supercontig_12.1	3500000	3600000	3690
Nc_Supercontig_12.1	3600000	3700000	1827
Nc_Supercontig_12.1	3800000	3900000	761
Nc_Supercontig_12.1	3900000	4000000	1715
Nc_Supercontig_12.1	4000000	4100000	1024
Nc_Supercontig_12.1	4300000	4400000	2893
Nc_Supercontig_12.1	4400000	4500000	18134
Nc_Supercontig_12.1	4500000	4600000	43000
Nc_Supercontig_12.1	4700000	4800000	6126
Nc_Supercontig_12.1	4800000	4900000	6883
Nc_Supercontig_12.1	4900000	5000000	27214
Nc_Supercontig_12.1	5100000	5200000	16452
Nc_Supercontig_12.1	5300000	5400000	4618
Nc_Supercontig_12.1	5500000	5600000	6215
Nc_Supercontig_12.1	5600000	5700000	278656
Nc_Supercontig_12.1	5700000	5800000	6807
Nc_Supercontig_12.1	5800000	5900000	45851
Nc_Supercontig_12.1	6000000	6100000	7873
Nc_Supercontig_12.1	6100000	6200000	5452
Nc_Supercontig_12.1	6400000	6500000	281192
Nc_Supercontig_12.1	6500000	6600000	11959
Nc_Supercontig_12.1	6600000	6700000	5428
Nc_Supercontig_12.1	6800000	6900000	273232
Nc_Supercontig_12.1	6900000	7000000	74172
Nc_Supercontig_12.1	7000000	7100000	8964
Nc_Supercontig_12.1	7200000	7300000	2659
Nc_Supercontig_12.1	7400000	7500000	3900
Nc_Supercontig_12.1	7600000	7700000	14580
Nc_Supercontig_12.1	7700000	7800000	4742
Nc_Supercontig_12.1	7800000	7900000	4135
Nc_Supercontig_12.1	7900000	8000000	24954
Nc_Supercontig_12.1	8100000	8200000	55690
Nc_Supercontig_12.1	8200000	8300000	6471
Nc_Supercontig_12.1	8500000	8600000	6723
Nc_Supercontig_12.1	8600000	8700000	290026
Nc_Supercontig_12.1	8700000	8800000	14050
Nc_Supercontig_12.1	8900000	9000000	10428
Nc_Supercontig_12.1	9000000	9100000	8191
Nc_Supercontig_12.1	9100000	9200000	11111
Nc_Supercontig_12.1	9300000	9400000	6782
Nc_Supercontig_12.1	9500000	9600000	19982
Nc_Supercontig_12.1	9600000	9700000	4960
Nc_Supercontig_12.1	0	100000	8582
Nc_Supercontig_12.1	400000	500000	25831
Nc_Supercontig_12.1	800000	900000	4425
Nc_Supercontig_12.1	1200000	1300000	4894
Nc_Supercontig_12.1	1600000	1700000	8431
Nc_Supercontig_12.1	2100000	2200000	6542
Nc_Supercontig_12.1	2500000	2600000	78770
Nc_Supercontig_12.1	2900000	3000000	10267
Nc_Supercontig_12.1	3300000	3400000	6029
Nc_Supercontig_12.1	3700000	3800000	2096
Nc_Supercontig_12.1	4200000	4300000	6262
Nc_Supercontig_12.1	4600000	4700000	7273
Nc_Supercontig_12.1	5000000	5100000	3178
Nc_Supercontig_12.1	5400000	5500000	16892
Nc_Supercontig_12.1	5900000	6000000	3679
Nc_Supercontig_12.1	6300000	6400000	16835
Nc_Supercontig_12.1	6700000	6800000	12871
Nc_Supercontig_12.1	7100000	7200000	42816
Nc_Supercontig_12.1	7500000	7600000	15761
Nc_Supercontig_12.1	8000000	8100000	7526
Nc_Supercontig_12.1	8400000	8500000	14476
Nc_Supercontig_12.1	8800000	8900000	12658
Nc_Supercontig_12.1	9200000	9300000	5869
Nc_Supercontig_12.1	9700000	9798893	4217
Nc_Supercontig_12.10	0	100000	649
Nc_Supercontig_12.10	100000	125404	138
Nc_Supercontig_12.11	0	31696	196
Nc_Supercontig_12.12	0	19714	5873
Nc_Supercontig_12.13	0	13515	86
Nc_Supercontig_12.14	0	11565	42
Nc_Supercontig_12.15	0	9397	1509
Nc_Supercontig_12.16	0	8983	2956
Nc_Supercontig_12.17	0	6701	29
Nc_Supercontig_12.18	0	6309	2750
Nc_Supercontig_12.19	0	4755	881
Nc_Supercontig_12.2	1000000	1100000	3933
Nc_Supercontig_12.2	2000000	2100000	10144
Nc_Supercontig_12.2	3100000	3200000	22919
Nc_Supercontig_12.2	4100000	4200000	4902
Nc_Supercontig_12.2	100000	200000	3194
Nc_Supercontig_12.2	200000	300000	5480
Nc_Supercontig_12.2	300000	400000	5780
Nc_Supercontig_12.2	500000	600000	6225
Nc_Supercontig_12.2	600000	700000	4460
Nc_Supercontig_12.2	700000	800000	30254
Nc_Supercontig_12.2	900000	1000000	297053
Nc_Supercontig_12.2	1100000	1200000	667
Nc_Supercontig_12.2	1300000	1400000	1635
Nc_Supercontig_12.2	1400000	1500000	271799
Nc_Supercontig_12.2	1500000	1600000	78436
Nc_Supercontig_12.2	1700000	1800000	7507
Nc_Supercontig_12.2	1800000	1900000	20415
Nc_Supercontig_12.2	1900000	2000000	6559
Nc_Supercontig_12.2	2200000	2300000	8035
Nc_Supercontig_12.2	2300000	2400000	3114
Nc_Supercontig_12.2	2400000	2500000	109719
Nc_Supercontig_12.2	2600000	2700000	4855
Nc_Supercontig_12.2	2700000	2800000	7576
Nc_Supercontig_12.2	2800000	2900000	6935
Nc_Supercontig_12.2	3000000	3100000	387491
Nc_Supercontig_12.2	3200000	3300000	13506
Nc_Supercontig_12.2	3400000	3500000	9009
Nc_Supercontig_12.2	3500000	3600000	41438
Nc_Supercontig_12.2	3600000	3700000	404
Nc_Supercontig_12.2	3800000	3900000	16925
Nc_Supercontig_12.2	3900000	4000000	2776
Nc_Supercontig_12.2	4000000	4100000	6138
Nc_Supercontig_12.2	4300000	4400000	4949
Nc_Supercontig_12.2	4400000	4478683	90295
Nc_Supercontig_12.2	0	100000	7368
Nc_Supercontig_12.2	400000	500000	31333
Nc_Supercontig_12.2	800000	900000	8592
Nc_Supercontig_12.2	1200000	1300000	654
Nc_Supercontig_12.2	1600000	1700000	3649
Nc_Supercontig_12.2	2100000	2200000	2115
Nc_Supercontig_12.2	2500000	2600000	7574
Nc_Supercontig_12.2	2900000	3000000	3155
Nc_Supercontig_12.2	3300000	3400000	5457
Nc_Supercontig_12.2	3700000	3800000	29637
Nc_Supercontig_12.2	4200000	4300000	44237
Nc_Supercontig_12.20	0	1646	513069
Nc_Supercontig_12.3	1000000	1100000	3400
Nc_Supercontig_12.3	2000000	2100000	6067
Nc_Supercontig_12.3	3100000	3200000	4586
Nc_Supercontig_12.3	4100000	4200000	4704
Nc_Supercontig_12.3	5200000	5274802	7559
Nc_Supercontig_12.3	100000	200000	4189
Nc_Supercontig_12.3	200000	300000	40722
Nc_Supercontig_12.3	300000	400000	17666
Nc_Supercontig_12.3	500000	600000	3101
Nc_Supercontig_12.3	600000	700000	4556
Nc_Supercontig_12.3	700000	800000	660
Nc_Supercontig_12.3	900000	1000000	8200
Nc_Supercontig_12.3	1100000	1200000	12064
Nc_Supercontig_12.3	1300000	1400000	29478
Nc_Supercontig_12.3	1400000	1500000	4079
Nc_Supercontig_12.3	1500000	1600000	11747
Nc_Supercontig_12.3	1700000	1800000	4807
Nc_Supercontig_12.3	1800000	1900000	5982
Nc_Supercontig_12.3	1900000	2000000	7422
Nc_Supercontig_12.3	2200000	2300000	2108
Nc_Supercontig_12.3	2300000	2400000	5571
Nc_Supercontig_12.3	2400000	2500000	4852
Nc_Supercontig_12.3	2600000	2700000	5369
Nc_Supercontig_12.3	2700000	2800000	14289
Nc_Supercontig_12.3	2800000	2900000	2855
Nc_Supercontig_12.3	3000000	3100000	35795
Nc_Supercontig_12.3	3200000	3300000	13781
Nc_Supercontig_12.3	3400000	3500000	4380
Nc_Supercontig_12.3	3500000	3600000	5354
Nc_Supercontig_12.3	3600000	3700000	5605
Nc_Supercontig_12.3	3800000	3900000	5393
Nc_Supercontig_12.3	3900000	4000000	9596
Nc_Supercontig_12.3	4000000	4100000	5076
Nc_Supercontig_12.3	4300000	4400000	26675
Nc_Supercontig_12.3	4400000	4500000	38335
Nc_Supercontig_12.3	4500000	4600000	4198
Nc_Supercontig_12.3	4700000	4800000	4935
Nc_Supercontig_12.3	4800000	4900000	2321
Nc_Supercontig_12.3	4900000	5000000	18601
Nc_Supercontig_12.3	5100000	5200000	17669
Nc_Supercontig_12.3	0	100000	6481
Nc_Supercontig_12.3	400000	500000	1710
Nc_Supercontig_12.3	800000	900000	672
Nc_Supercontig_12.3	1200000	1300000	3553
Nc_Supercontig_12.3	1600000	1700000	12979
Nc_Supercontig_12.3	2100000	2200000	11417
Nc_Supercontig_12.3	2500000	2600000	12123
Nc_Supercontig_12.3	2900000	3000000	25190
Nc_Supercontig_12.3	3300000	3400000	14204
Nc_Supercontig_12.3	3700000	3800000	4670
Nc_Supercontig_12.3	4200000	4300000	4988
Nc_Supercontig_12.3	4600000	4700000	24478
Nc_Supercontig_12.3	5000000	5100000	6040
Nc_Supercontig_12.4	1000000	1100000	7155
Nc_Supercontig_12.4	2000000	2100000	2958
Nc_Supercontig_12.4	3100000	3200000	7204
Nc_Supercontig_12.4	4100000	4200000	388155
Nc_Supercontig_12.4	5200000	5300000	3280
Nc_Supercontig_12.4	100000	200000	1966
Nc_Supercontig_12.4	200000	300000	4122
Nc_Supercontig_12.4	300000	400000	1112
Nc_Supercontig_12.4	500000	600000	2725
Nc_Supercontig_12.4	600000	700000	9853
Nc_Supercontig_12.4	700000	800000	8744
Nc_Supercontig_12.4	900000	1000000	716
Nc_Supercontig_12.4	1100000	1200000	6687
Nc_Supercontig_12.4	1300000	1400000	5267
Nc_Supercontig_12.4	1400000	1500000	291737
Nc_Supercontig_12.4	1500000	1600000	42757
Nc_Supercontig_12.4	1700000	1800000	7055
Nc_Supercontig_12.4	1800000	1900000	71329
Nc_Supercontig_12.4	1900000	2000000	9524
Nc_Supercontig_12.4	2200000	2300000	45582
Nc_Supercontig_12.4	2300000	2400000	3247
Nc_Supercontig_12.4	2400000	2500000	3983
Nc_Supercontig_12.4	2600000	2700000	4851
Nc_Supercontig_12.4	2700000	2800000	23237
Nc_Supercontig_12.4	2800000	2900000	60513
Nc_Supercontig_12.4	3000000	3100000	273950
Nc_Supercontig_12.4	3200000	3300000	18800
Nc_Supercontig_12.4	3400000	3500000	6311
Nc_Supercontig_12.4	3500000	3600000	7571
Nc_Supercontig_12.4	3600000	3700000	7062
Nc_Supercontig_12.4	3800000	3900000	5494
Nc_Supercontig_12.4	3900000	4000000	24868
Nc_Supercontig_12.4	4000000	4100000	2489
Nc_Supercontig_12.4	4300000	4400000	301812
Nc_Supercontig_12.4	4400000	4500000	389613
Nc_Supercontig_12.4	4500000	4600000	4696
Nc_Supercontig_12.4	4700000	4800000	82147
Nc_Supercontig_12.4	4800000	4900000	12962
Nc_Supercontig_12.4	4900000	5000000	9043
Nc_Supercontig_12.4	5100000	5200000	102009
Nc_Supercontig_12.4	5300000	5400000	287694
Nc_Supercontig_12.4	5500000	5600000	7409
Nc_Supercontig_12.4	5600000	5700000	8599
Nc_Supercontig_12.4	5700000	5800000	27896
Nc_Supercontig_12.4	5800000	5900000	4669
Nc_Supercontig_12.4	0	100000	6727
Nc_Supercontig_12.4	400000	500000	3649
Nc_Supercontig_12.4	800000	900000	6277
Nc_Supercontig_12.4	1200000	1300000	5138
Nc_Supercontig_12.4	1600000	1700000	7322
Nc_Supercontig_12.4	2100000	2200000	23956
Nc_Supercontig_12.4	2500000	2600000	8551
Nc_Supercontig_12.4	2900000	3000000	3728
Nc_Supercontig_12.4	3300000	3400000	5831
Nc_Supercontig_12.4	3700000	3800000	3282
Nc_Supercontig_12.4	4200000	4300000	874
Nc_Supercontig_12.4	4600000	4700000	6270
Nc_Supercontig_12.4	5000000	5100000	20142
Nc_Supercontig_12.4	5400000	5500000	6728
Nc_Supercontig_12.4	5900000	6000000	4308
Nc_Supercontig_12.4	6000000	6000761	208
Nc_Supercontig_12.5	1000000	1100000	712
Nc_Supercontig_12.5	2000000	2100000	5740
Nc_Supercontig_12.5	3100000	3200000	53631
Nc_Supercontig_12.5	4100000	4200000	5256
Nc_Supercontig_12.5	5200000	5300000	6853
Nc_Supercontig_12.5	6200000	6300000	28855
Nc_Supercontig_12.5	100000	200000	6459
Nc_Supercontig_12.5	200000	300000	3172
Nc_Supercontig_12.5	300000	400000	25393
Nc_Supercontig_12.5	500000	600000	2375
Nc_Supercontig_12.5	600000	700000	280844
Nc_Supercontig_12.5	700000	800000	17873
Nc_Supercontig_12.5	900000	1000000	597
Nc_Supercontig_12.5	1100000	1200000	640
Nc_Supercontig_12.5	1300000	1400000	21025
Nc_Supercontig_12.5	1400000	1500000	7534
Nc_Supercontig_12.5	1500000	1600000	25036
Nc_Supercontig_12.5	1700000	1800000	17576
Nc_Supercontig_12.5	1800000	1900000	12645
Nc_Supercontig_12.5	1900000	2000000	3787
Nc_Supercontig_12.5	2200000	2300000	8859
Nc_Supercontig_12.5	2300000	2400000	23062
Nc_Supercontig_12.5	2400000	2500000	5330
Nc_Supercontig_12.5	2600000	2700000	13119
Nc_Supercontig_12.5	2700000	2800000	136721
Nc_Supercontig_12.5	2800000	2900000	150426
Nc_Supercontig_12.5	3000000	3100000	11850
Nc_Supercontig_12.5	3200000	3300000	70801
Nc_Supercontig_12.5	3400000	3500000	8622
Nc_Supercontig_12.5	3500000	3600000	9513
Nc_Supercontig_12.5	3600000	3700000	14265
Nc_Supercontig_12.5	3800000	3900000	111621
Nc_Supercontig_12.5	3900000	4000000	15134
Nc_Supercontig_12.5	4000000	4100000	24966
Nc_Supercontig_12.5	4300000	4400000	29767
Nc_Supercontig_12.5	4400000	4500000	4377
Nc_Supercontig_12.5	4500000	4600000	6695
Nc_Supercontig_12.5	4700000	4800000	4887
Nc_Supercontig_12.5	4800000	4900000	4420
Nc_Supercontig_12.5	4900000	5000000	41625
Nc_Supercontig_12.5	5100000	5200000	12499
Nc_Supercontig_12.5	5300000	5400000	4391
Nc_Supercontig_12.5	5500000	5600000	9526
Nc_Supercontig_12.5	5600000	5700000	2269
Nc_Supercontig_12.5	5700000	5800000	7881
Nc_Supercontig_12.5	5800000	5900000	21703
Nc_Supercontig_12.5	6000000	6100000	931
Nc_Supercontig_12.5	6100000	6200000	2090
Nc_Supercontig_12.5	6400000	6436246	5807
Nc_Supercontig_12.5	0	100000	14496
Nc_Supercontig_12.5	400000	500000	284212
Nc_Supercontig_12.5	800000	900000	11619
Nc_Supercontig_12.5	1200000	1300000	9052
Nc_Supercontig_12.5	1600000	1700000	6161
Nc_Supercontig_12.5	2100000	2200000	4921
Nc_Supercontig_12.5	2500000	2600000	8364
Nc_Supercontig_12.5	2900000	3000000	106948
Nc_Supercontig_12.5	3300000	3400000	5330
Nc_Supercontig_12.5	3700000	3800000	4623
Nc_Supercontig_12.5	4200000	4300000	4716
Nc_Supercontig_12.5	4600000	4700000	8295
Nc_Supercontig_12.5	5000000	5100000	4409
Nc_Supercontig_12.5	5400000	5500000	4303
Nc_Supercontig_12.5	5900000	6000000	14409
Nc_Supercontig_12.5	6300000	6400000	13951
Nc_Supercontig_12.6	1000000	1100000	63232
Nc_Supercontig_12.6	2000000	2100000	5277
Nc_Supercontig_12.6	3100000	3200000	28151
Nc_Supercontig_12.6	4100000	4200000	2341
Nc_Supercontig_12.6	100000	200000	7500
Nc_Supercontig_12.6	200000	300000	4619
Nc_Supercontig_12.6	300000	400000	29682
Nc_Supercontig_12.6	500000	600000	59925
Nc_Supercontig_12.6	600000	700000	171450
Nc_Supercontig_12.6	700000	800000	10932
Nc_Supercontig_12.6	900000	1000000	7281
Nc_Supercontig_12.6	1100000	1200000	73530
Nc_Supercontig_12.6	1300000	1400000	4019
Nc_Supercontig_12.6	1400000	1500000	18795
Nc_Supercontig_12.6	1500000	1600000	42199
Nc_Supercontig_12.6	1700000	1800000	4313
Nc_Supercontig_12.6	1800000	1900000	6228
Nc_Supercontig_12.6	1900000	2000000	4581
Nc_Supercontig_12.6	2200000	2300000	293197
Nc_Supercontig_12.6	2300000	2400000	3942
Nc_Supercontig_12.6	2400000	2500000	3669
Nc_Supercontig_12.6	2600000	2700000	67975
Nc_Supercontig_12.6	2700000	2800000	3380
Nc_Supercontig_12.6	2800000	2900000	372
Nc_Supercontig_12.6	3000000	3100000	928
Nc_Supercontig_12.6	3200000	3300000	14212
Nc_Supercontig_12.6	3400000	3500000	21314
Nc_Supercontig_12.6	3500000	3600000	22791
Nc_Supercontig_12.6	3600000	3700000	6340
Nc_Supercontig_12.6	3800000	3900000	5559
Nc_Supercontig_12.6	3900000	4000000	304763
Nc_Supercontig_12.6	4000000	4100000	4941
Nc_Supercontig_12.6	0	100000	16524
Nc_Supercontig_12.6	400000	500000	8049
Nc_Supercontig_12.6	800000	900000	5016
Nc_Supercontig_12.6	1200000	1300000	24733
Nc_Supercontig_12.6	1600000	1700000	5027
Nc_Supercontig_12.6	2100000	2200000	6233
Nc_Supercontig_12.6	2500000	2600000	17602
Nc_Supercontig_12.6	2900000	3000000	932
Nc_Supercontig_12.6	3300000	3400000	14121
Nc_Supercontig_12.6	3700000	3800000	13550
Nc_Supercontig_12.6	4200000	4218384	1358
Nc_Supercontig_12.7	1000000	1100000	3653
Nc_Supercontig_12.7	2000000	2100000	14829
Nc_Supercontig_12.7	3100000	3200000	6746
Nc_Supercontig_12.7	4100000	4200000	3643
Nc_Supercontig_12.7	100000	200000	6221
Nc_Supercontig_12.7	200000	300000	3739
Nc_Supercontig_12.7	300000	400000	28623
Nc_Supercontig_12.7	500000	600000	14267
Nc_Supercontig_12.7	600000	700000	6174
Nc_Supercontig_12.7	700000	800000	13209
Nc_Supercontig_12.7	900000	1000000	294867
Nc_Supercontig_12.7	1100000	1200000	4781
Nc_Supercontig_12.7	1300000	1400000	23586
Nc_Supercontig_12.7	1400000	1500000	20062
Nc_Supercontig_12.7	1500000	1600000	10720
Nc_Supercontig_12.7	1700000	1800000	40259
Nc_Supercontig_12.7	1800000	1900000	4226
Nc_Supercontig_12.7	1900000	2000000	80830
Nc_Supercontig_12.7	2200000	2300000	783
Nc_Supercontig_12.7	2300000	2400000	829
Nc_Supercontig_12.7	2400000	2500000	3394
Nc_Supercontig_12.7	2600000	2700000	92579
Nc_Supercontig_12.7	2700000	2800000	7511
Nc_Supercontig_12.7	2800000	2900000	55308
Nc_Supercontig_12.7	3000000	3100000	4700
Nc_Supercontig_12.7	3200000	3300000	3417
Nc_Supercontig_12.7	3400000	3500000	5059
Nc_Supercontig_12.7	3500000	3600000	335213
Nc_Supercontig_12.7	3600000	3700000	8070
Nc_Supercontig_12.7	3800000	3900000	17501
Nc_Supercontig_12.7	3900000	4000000	8810
Nc_Supercontig_12.7	4000000	4100000	3857
Nc_Supercontig_12.7	0	100000	279361
Nc_Supercontig_12.7	400000	500000	32863
Nc_Supercontig_12.7	800000	900000	53757
Nc_Supercontig_12.7	1200000	1300000	12757
Nc_Supercontig_12.7	1600000	1700000	308943
Nc_Supercontig_12.7	2100000	2200000	1999
Nc_Supercontig_12.7	2500000	2600000	5089
Nc_Supercontig_12.7	2900000	3000000	25954
Nc_Supercontig_12.7	3300000	3400000	26106
Nc_Supercontig_12.7	3700000	3800000	11135
Nc_Supercontig_12.7	4200000	4255303	3612
Nc_Supercontig_12.8	100000	192308	119171
Nc_Supercontig_12.8	0	100000	8898138
Nc_Supercontig_12.9	100000	142473	44716
Nc_Supercontig_12.9	0	100000	75209
